tree
version=v4
num_class=1
num_tree_per_iteration=1
label_index=0
max_feature_idx=81
objective=regression
feature_names=Column_0 Column_1 Column_2 Column_3 Column_4 Column_5 Column_6 Column_7 Column_8 Column_9 Column_10 Column_11 Column_12 Column_13 Column_14 Column_15 Column_16 Column_17 Column_18 Column_19 Column_20 Column_21 Column_22 Column_23 Column_24 Column_25 Column_26 Column_27 Column_28 Column_29 Column_30 Column_31 Column_32 Column_33 Column_34 Column_35 Column_36 Column_37 Column_38 Column_39 Column_40 Column_41 Column_42 Column_43 Column_44 Column_45 Column_46 Column_47 Column_48 Column_49 Column_50 Column_51 Column_52 Column_53 Column_54 Column_55 Column_56 Column_57 Column_58 Column_59 Column_60 Column_61 Column_62 Column_63 Column_64 Column_65 Column_66 Column_67 Column_68 Column_69 Column_70 Column_71 Column_72 Column_73 Column_74 Column_75 Column_76 Column_77 Column_78 Column_79 Column_80 Column_81
feature_infos=[-0.062088999897241592:0.11504700034856796] [-0.11149699985980988:0.12835800647735596] [-1:1] [-0.081061996519565582:0.051552001386880875] [1.546720027923584:28.3704833984375] [0:0.83333301544189453] [-0.028457000851631165:0.027414999902248383] [0:1] [-0.042164001613855362:0.043588001281023026] [0.0057172086089849472:0.47293302416801453] [-0.36001697182655334:0.46201157569885254] [-1:1] [0:1] [0:1] [-0.50599998235702515:1.2970000505447388] [-0.79670000076293945:2.1860001087188721] [-0.81319999694824219:24.639999389648438] [3.9030001163482666:99.989997863769531] [-0.73680001497268677:1.6310000419616699] [-0.77389997243881226:7.0240001678466797] [-0.91420000791549683:0] [0.00081489997683092952:4.0180001258850098] [-0.53280001878738403:1.5440000295639038] [0.0022179998923093081:5.8680000305175781] [-0.26850000023841858:2.9319999217987061] [-0.3799000084400177:0.36430001258850098] [0.050769999623298645:0.87889999151229858] [9.1499996185302734:83.610000610351562] [0.0039679999463260174:1] [-4:4] [0.05534999817609787:0.90539997816085815] [0.32490000128746033:2.5850000381469727] [-0.26179999113082886:0.52819997072219849] [-0.11980000138282776:0.095150001347064972] [-0.12319999933242798:0.12160000205039978] [-0.35749998688697815:1.156000018119812] [-0.12399999797344208:0.1023000031709671] [-0.13220000267028809:0.090819999575614929] [-0.026590000838041306:0.043880000710487366] [-0.55330002307891846:0.99029999971389771] [-0.039098739624023438:0.08527132123708725] [-0.94942587614059448:0.92923778295516968] [4.9275102355750278e-05:0.44297224283218384] [-0.90016281604766846:9.473414421081543] [-0.17408907413482666:0.2277580052614212] [-0.89964240789413452:9.4935169219970703] [0:19.30915641784668] [-59.313907623291016:404.22930908203125] [-5.952430248260498:7.989593505859375] [-0.14687499403953552:1] [-0.080550946295261383:0.073985621333122253] [8.9203458628617227e-05:96.041580200195312] [0.00031769918859936297:1254.5347900390625] [-0.029737390577793121:0.025568626821041107] [-0.084868215024471283:0.037972953170537949] [0.018604651093482971:0.96108949184417725] [-0.1676144003868103:0.20218938589096069] [-0.90268170833587646:9.4715280532836914] [0.0061233546584844589:0.054694462567567825] [0.10559580475091934:27.941278457641602] [0.0038759689778089523:1] [0.0038759689778089523:1] [0.0038759689778089523:1] [0.0038759689778089523:1] [0.0038759689778089523:1] [0.0038759689778089523:1] [0.0039215688593685627:1] [-0.068778954446315765:0.059377908706665039] [-0.6641506552696228:0.52342545986175537] [0:1] [-0.17135186493396759:0.20153720676898956] [-0.90302252769470215:9.472050666809082] [-0.070965729653835297:0.060694672167301178] [0:6] [0:1] [0:1] [0:24] [0:1] [0:0.22986266016960144] [0:3378] [0:10] [0:1]
tree_sizes=1551 1681 1664 1673 1655 1671 1676 1663 1662 1657 1671 1644 1674 1670 1671 1674 1669 1671 1667 1668 1672 1675 1667 1676 1675 1674 1666 1673 1647 1664 1657 1679 1674 1670 1670 1668 1653 1662 1673 1660 1659 1640 1668 1678 1664 1673 1662 1666 1671 1674

Tree=0
num_leaves=15
num_cat=0
split_feature=62 60 9 30 16 19 24 79 79 62 62 9 79 6
split_gain=36.6233 20.077 12.525 10.8854 7.95641 7.02134 5.81091 5.40042 4.84666 4.57786 4.49855 3.94804 3.86487 3.78295
threshold=0.73374596238136303 0.7957780957221986 0.03629774414002896 0.54524999856948864 0.33474999666213995 0.19434999674558642 1.3435000181198122 814.50000000000011 694.50000000000011 0.48030623793601995 0.21760458499193194 0.025040035136044029 646.50000000000011 -0.00094649998936802138
decision_type=2 2 10 10 8 10 10 8 8 2 2 10 8 10
left_child=1 3 7 5 8 6 9 11 -3 13 -5 -2 -4 -1
right_child=2 4 12 10 -6 -7 -8 -9 -10 -11 -12 -13 -14 -15
leaf_value=0.50285278948409307 0.50233325881286217 0.50217193856622566 0.50148690054698875 0.5033166087515285 0.50110908619503802 0.50206454385837218 0.50214568180698727 0.50113052867316532 0.50137358033427526 0.50236626028438169 0.50272188867390277 0.5018849213009986 0.50073120921958492 0.50223986589267422
leaf_weight=58622.5 29857.5 54457.5 31605 14899 8820 41776 31497.5 5980 7822.5 43800 49448.5 43320.5 7550.5 10720
leaf_count=58553 29830 54385 31498 14735 8772 41753 31472 5872 7754 43752 49197 43249 7470 10668
internal_value=0.502231 0.502397 0.50178 0.502523 0.501952 0.502407 0.502506 0.501997 0.502072 0.502606 0.50286 0.502068 0.501341 0.502758
internal_weight=440177 321864 118314 250764 71100 186416 144640 79158 62280 113142 64347.5 73178 39155.5 69342.5
internal_count=438960 321041 117919 250130 70911 186198 144445 78951 62139 112973 63932 73079 38968 69221
is_linear=0
shrinkage=1


Tree=1
num_leaves=15
num_cat=0
split_feature=45 21 19 19 3 32 58 23 21 61 12 10 54 54
split_gain=70.0846 24.5106 11.9443 8.07853 7.08256 6.13913 5.96426 3.95401 3.71473 3.7013 3.64404 3.72147 3.47466 3.43507
threshold=-1.0000000180025095e-35 0.28765000402927404 0.16565000265836718 0.28925000131130224 -0.00045449999743141229 0.11134999990463258 0.010751057881861927 0.52265000343322765 0.20355000346899035 0.90046322345733654 0.54056432843208324 -0.0027468645712360735 0.0028588082641363148 0.0017342027276754381
decision_type=2 8 8 10 10 8 2 10 10 2 10 10 2 2
left_child=3 7 5 4 10 13 -7 -2 -9 -4 11 -1 -10 -3
right_child=1 2 9 -5 -6 6 -8 8 12 -11 -12 -13 -14 -15
leaf_value=0.0004594515956882182 -0.00065019342936540995 -0.00055324754673364738 -0.00083553293465655327 -0.00012637166790580479 0.00010648741036185535 -0.0014328096769293159 -0.00037949387397344901 0.00026623659868228478 -0.00030151350531331755 -0.0014328282069437082 0.00016888398685989736 0.0007929805336135702 0.0001301063344587068 -7.6658351341037681e-05
leaf_weight=55222 8320 20807 39367.5 21688.5 34991.5 8793.5 10760 37994.5 36758.5 12258 16712 66283 30887 39343.5
leaf_count=55139 8257 20762 39211 21681 34649 8661 10725 37972 36710 12152 16692 66113 30870 39335
internal_value=-5.23396e-06 -0.000342656 -0.000622001 0.00041943 0.000487775 -0.000391705 -0.000853431 -2.07208e-05 2.88836e-05 -0.00097748 0.000584295 0.000641422 -0.00010444 -0.00024155
internal_weight=440186 245290 131330 194897 173208 79704 19553.5 113960 105640 51625.5 138217 121505 67645.5 60150.5
internal_count=438929 244655 130846 194274 172593 79483 19386 113809 105552 51363 137944 121252 67580 60097
is_linear=0
shrinkage=0.03


Tree=2
num_leaves=15
num_cat=0
split_feature=45 79 19 24 21 54 16 21 62 0 16 62 44 10
split_gain=63.0199 24.0582 15.0661 9.54767 6.3617 5.40401 4.82516 4.82179 3.62432 3.2236 3.11623 3.19604 2.97941 2.97857
threshold=-1.0000000180025095e-35 707.50000000000011 0.18325000256299975 0.95985001325607311 0.32995000481605535 0.0029316124273464088 0.18245000392198565 0.26935000717639929 0.92323201894760143 0.0047134999185800561 0.44795000553131109 0.67888045310974132 -0.0070290898438543073 -0.0036700578639283772
decision_type=2 8 8 10 8 2 10 10 2 8 10 2 2 8
left_child=3 2 5 6 -4 7 9 -2 -6 -1 11 -3 -7 -13
right_child=1 10 4 -5 8 12 -8 -9 -10 -11 -12 13 -14 -15
leaf_value=0.00033903132267317117 -1.1619461236173412e-05 -0.0007232301233636568 -0.00029100826938918976 0.00017520867695438591 -0.00076845602442310659 -0.00053725697896726073 0.00017577093633345517 -0.00045962858001231054 -0.0015906423340816417 0.00078921644390979534 -0.0022371512807639127 -0.0019246259696024748 0.00017567886682268779 -0.00099557860938808275
leaf_weight=18167 44966 12855 25696 89323.5 24038.5 5707.5 19925 41641 6042 67711 2187.5 5452.5 68997.5 7263.5
leaf_count=17734 44943 12766 25670 89218 23926 5702 19909 41570 5988 67643 2180 5344 68962 7165
internal_value=1.42456e-06 -0.000319094 -0.000212743 0.000403613 -0.000637742 -6.57775e-05 0.000596425 -0.000227038 -0.000933838 0.000694008 -0.00115064 -0.00105727 0.000121178 -0.00139455
internal_weight=439974 244847 217088 195126 55776.5 161312 105803 86607 30080.5 85878 27758.5 25571 74705 12716
internal_count=438720 244216 216761 194504 55584 161177 105286 86513 29914 85377 27455 25275 74664 12509
is_linear=0
shrinkage=0.03


Tree=3
num_leaves=15
num_cat=0
split_feature=45 9 9 24 17 54 54 19 0 9 16 45 46 45
split_gain=62.8556 27.0717 9.34865 9.24218 8.05358 6.28967 4.86022 4.54062 4.09152 3.80091 3.58215 3.19326 3.16753 2.94625
threshold=-1.0000000180025095e-35 0.03629774414002896 0.022434646263718609 0.98414999246597301 52.045000076293952 0.0028891273541375999 0.0033186911605298523 0.19135000556707385 -0.014847999904304741 0.05041198059916497 0.051674999296665199 -0.030996825546026226 0.7619064748287202 -0.0033712225267663594
decision_type=2 10 10 10 8 2 2 8 10 10 8 2 10 2
left_child=3 2 -2 7 6 10 -3 8 13 -6 -4 -9 -7 -1
right_child=1 4 5 -5 9 12 -8 11 -10 -11 -12 -13 -14 -15
leaf_value=0.00094929575939067096 0.00025393160436010601 -0.00081656649845789954 -0.00023149332933300083 0.00017304583213785521 -0.00089994516945008209 7.0017456408389209e-05 -0.00010013943325337796 0.0016227818862281308 0.00030049107870257197 -0.0015542404435105459 -0.00067516150372258889 0.00018739890178760758 -0.00059678021076861013 0.00050641053087349577
leaf_weight=44540.5 47097.5 16787 34242 84993.5 29080 50479.5 17308 1466.5 17804 11038.5 31404 26850 7339.5 19438.5
leaf_count=44497 47054 16734 34137 84904 28896 50447 17291 1463 17361 10994 31283 26833 7316 19430
internal_value=6.38285e-06 -0.000313775 -0.000105656 0.000408071 -0.000792049 -0.000242831 -0.000452947 0.000589487 0.00070285 -0.00108014 -0.000443772 0.00026201 -1.46696e-05 0.000814786
internal_weight=439869 244776 170562 195093 74213.5 123465 34095 110100 81783 40118.5 65646 28316.5 57819 63979
internal_count=438640 244152 170237 194488 73915 123183 34025 109584 81288 39890 65420 28296 57763 63927
is_linear=0
shrinkage=0.03


Tree=4
num_leaves=15
num_cat=0
split_feature=61 43 79 30 9 15 79 56 20 9 9 10 61 71
split_gain=31.6585 17.4813 13.2164 11.2368 9.24771 7.29098 5.90758 4.98166 3.80569 3.72715 3.65483 3.46208 3.19917 3.89912
threshold=0.69463577866554271 0.0055625776294618854 585.50000000000011 0.55215001106262218 0.034563697874546058 0.13055000454187396 707.50000000000011 -0.0022903636563569303 -0.17144999653100965 0.022325936704874042 0.022434646263718609 1.0000000180025095e-35 0.2850970476865769 0.0041230043862015018
decision_type=2 2 8 10 10 8 8 2 8 10 10 8 2 2
left_child=1 3 4 7 10 6 -3 -1 -6 -9 -2 -4 -5 -14
right_child=2 5 11 12 8 -7 -8 9 -10 -11 -12 -13 13 -15
leaf_value=0.00034868239701910564 0.00024516742670043689 3.0367470711834537e-05 -0.0015995280848527349 0.0010015138624411535 -0.00032732857743772025 -0.00081533569531247756 -0.00084606902694879028 0.00042797748427388451 -0.00090468908732301229 -8.371294037520895e-05 -0.00020642882357069795 -0.00071825752034986024 0.00059139434013781556 -0.00084337751252966148
leaf_weight=86762 22681 61590 8475 18967 19557.5 14145 7793 16056 21664 63321 55800.5 7642 34318.5 1789.5
leaf_count=86621 22655 61534 8345 18761 19545 14085 7740 16033 21549 63251 55732 7557 34117 1788
internal_value=5.28166e-06 0.000175058 -0.000375642 0.000314678 -0.000267025 -0.000194703 -6.81265e-05 0.000191561 -0.000630834 1.98098e-05 -7.59111e-05 -0.00118202 0.00068602 0.000520181
internal_weight=440562 304742 135820 221214 119703 83528 69383 166139 41221.5 79377 78481.5 16117 55075 36108
internal_count=439313 303930 135383 220571 119481 83359 69274 165905 41094 79284 78387 15902 54666 35905
is_linear=0
shrinkage=0.03


Tree=5
num_leaves=15
num_cat=0
split_feature=9 62 79 60 62 19 19 49 24 9 60 71 68 71
split_gain=30.638 22.3667 14.4307 13.6884 6.18493 6.04574 4.9337 4.28967 3.83896 3.77438 3.71151 3.51101 3.29197 4.09206
threshold=0.026206854730844501 0.55286508798599254 585.50000000000011 0.9035310447216035 0.66731771826744091 0.18325000256299975 0.31014999747276312 0.10211734473705293 1.3435000181198122 0.039969004690647132 0.76494875550270092 -0.0042155794799327842 0.0050315698608756074 -0.006837178021669387
decision_type=10 2 8 2 2 8 8 10 10 10 2 2 2 2
left_child=4 3 5 6 8 12 7 -2 10 -7 -1 -4 13 -3
right_child=1 2 11 -5 -6 9 -8 -9 -10 -11 -12 -13 -14 -15
leaf_value=0.00062381621561275174 0.00062666479044487305 0.00032310094897304559 -0.00053484587719604252 -0.00063928451488863298 5.6293508079732818e-05 -0.00043117316243003527 -0.00024115793544808914 0.00015548116443184703 -7.2547333743241927e-05 -0.0010704803712253904 0.00015893196418397261 -0.0015089603214210139 0.00017055968695545466 -0.00040551013073156586
leaf_weight=74664 21457.5 8010.5 4423.5 22206 48353 21357 22537.5 91664.5 10680.5 13614.5 19496 13560 16551.5 51619
leaf_count=74223 21382 8005 4412 22123 48271 21275 22516 91584 10667 13556 19469 13359 16548 51561
internal_value=-5.57652e-06 -0.000188431 -0.000481242 5.11003e-05 0.000336988 -0.000353647 0.000164128 0.000244881 0.000466437 -0.000680175 0.000527575 -0.00126957 -0.000203717 -0.000307611
internal_weight=440195 287002 129136 157866 153194 111152 135660 113122 104840 34971.5 94160 17983.5 76181 59629.5
internal_count=438951 286321 128716 157605 152630 110945 135482 112966 104359 34831 93692 17771 76114 59566
is_linear=0
shrinkage=0.03


Tree=6
num_leaves=15
num_cat=0
split_feature=45 9 79 24 9 54 79 54 64 15 6 16 16 45
split_gain=54.942 23.7228 10.8352 9.9174 7.27532 6.89722 6.68461 6.61189 4.36138 4.31841 4.23928 4.15958 3.23977 3.15442
threshold=-1.0000000180025095e-35 0.03660408407449723 669.50000000000011 1.016499996185303 0.022325936704874042 0.0092781968414783495 543.50000000000011 0.0028891273541375999 0.86927253007888805 0.093345001339912428 -0.0013724999735131858 0.090865001082420363 0.029684999957680706 -0.030996825546026226
decision_type=2 10 8 8 10 2 8 2 10 8 10 10 8 2
left_child=3 2 4 10 -2 6 9 12 -4 -3 11 -1 -6 -13
right_child=1 5 8 -5 7 -7 -8 -9 -10 -11 -12 13 -14 -15
leaf_value=0.00079714720609871091 0.00028758096260464086 -0.00050201150792681141 -0.00067413365253042481 0.00012363582316998585 -0.00014824976886574419 0.0001620221047146109 -0.001452479965754167 7.2262453819477339e-05 -0.0020976830502551155 -0.001073240082259669 0.00013078130102398992 0.0017917840033797475 -0.00058685982061498971 0.00032817761881524788
leaf_weight=56575.5 43262.5 34010.5 12219 84680.5 28310.5 6594.5 13435 54230.5 2299.5 18342 17763.5 1373.5 32626.5 34568
leaf_count=56440 43234 33973 12102 84583 28293 6588 13301 54215 2242 18221 17423 1372 32535 34548
internal_value=-8.10018e-06 -0.000306843 -0.000115988 0.000367823 -4.40924e-05 -0.00076283 -0.000855542 -0.000168692 -0.000900246 -0.000702228 0.000555312 0.000636811 -0.000383116 0.000384351
internal_weight=440292 245330 172948 194961 158430 72382 65787.5 115168 14518.5 52352.5 110280 92517 60937 35941.5
internal_count=439070 244704 172621 194366 158277 72083 65495 115043 14344 52194 109783 92360 60828 35920
is_linear=0
shrinkage=0.03


Tree=7
num_leaves=15
num_cat=0
split_feature=45 9 79 24 19 79 52 9 68 9 45 46 53 57
split_gain=48.9974 20.1917 8.87673 8.81004 7.23158 6.0338 5.26482 4.74109 4.82492 4.42684 4.46657 3.69298 3.42477 3.08378
threshold=0.00076097896089777361 0.033423362299799926 694.50000000000011 0.9556500017642976 0.1495499983429909 625.50000000000011 3.7361736297607426 0.022325936704874042 0.0027547483332455163 0.022325936704874042 -0.0086003080941736681 0.98859539628028881 -0.0023535890504717823 0.01680665742605925
decision_type=2 10 8 10 8 8 8 10 2 10 2 10 2 2
left_child=3 5 4 9 -3 7 -6 -2 -9 -1 11 -11 -12 -5
right_child=1 2 -4 13 6 -7 -8 8 -10 10 12 -13 -14 -15
leaf_value=0.00084118438859668025 0.00025766149606002239 -0.00026375359027897184 -0.001310177613455426 0.00013439182887135857 -0.00076717839766640456 -0.00074476256323949112 -0.0024658887756858231 -0.00036236167056341112 8.0285292498406607e-05 0.00055014872891419634 -0.00010614879510197383 0.0014580220761001368 0.00040459775388215319 -0.0022207197428526439
leaf_weight=27678.5 39308 43144 15276.5 96690.5 30016.5 11126.5 1733.5 43748 44909 28003.5 17641.5 4709.5 35765 498
leaf_count=27396 39277 43108 15109 96575 29863 10988 1720 43677 44897 27907 17619 4694 35680 494
internal_value=2.0821e-06 -0.000301528 -0.000651185 0.00033199 -0.000516689 -7.48355e-05 -0.000860299 -1.65588e-05 -0.000138148 0.000511137 0.000405018 0.000681053 0.000235891 0.00012221
internal_weight=440248 229262 90170.5 210986 74894 139092 31750 127965 88657 113798 86119.5 32713 53406.5 97188.5
internal_count=439004 228639 89800 210365 74691 138839 31583 127851 88574 113296 85900 32601 53299 97069
is_linear=0
shrinkage=0.03


Tree=8
num_leaves=15
num_cat=0
split_feature=45 9 79 24 20 9 62 79 9 68 49 79 21 11
split_gain=50.7268 19.3317 9.88013 8.15445 6.94645 5.68234 5.41976 4.19592 3.89025 3.5202 3.42349 3.05584 2.9006 2.84284
threshold=-1.0000000180025095e-35 0.031023329123854641 682.50000000000011 0.95985001325607311 -0.16694999486207959 0.021559095010161403 0.88910847902297985 615.50000000000011 0.022217212244868282 0.0016280087293125691 0.095487292855978026 83.500000000000014 0.56964999437332164 -0.22914436459541318
decision_type=2 10 8 10 8 10 2 8 10 2 10 8 10 8
left_child=3 5 4 8 -3 -2 -6 9 -1 -7 -5 -12 -4 -10
right_child=1 2 12 10 6 7 -8 -9 13 -11 11 -13 -14 -15
leaf_value=0.00087235529488221793 0.00026733942481626659 -0.0001807054609317836 -0.0010131329431712589 0.00052278771254666775 -0.000515171319025037 -0.00035864134099014577 -0.0012443215610137689 -0.00084783345053855296 0.00023029341784343524 4.61044013823428e-05 0.00013715811105673056 -0.00043493794123510135 -0.0019495075108587245 0.00059085298341452137
leaf_weight=24576.5 39280.5 46254.5 14812 17935 38319.5 30691 12065 7424.5 33616 52271 61652.5 9724 3734 47504.5
leaf_count=24276 39247 46231 14657 17882 38208 30641 11979 7326 33561 52250 61613 9719 3692 47340
internal_value=2.37311e-06 -0.000285137 -0.000567955 0.000363368 -0.000446194 -3.38941e-05 -0.000689879 -0.000164813 0.000541689 -0.00010364 0.000152314 5.91934e-05 -0.00120213 0.000441462
internal_weight=439860 244852 115185 195008 96639 129667 50384.5 90386.5 105697 82962 89311.5 71376.5 18546 81120.5
internal_count=438622 244231 114767 194391 96418 129464 50187 90217 105177 82891 89214 71332 18349 80901
is_linear=0
shrinkage=0.03


Tree=9
num_leaves=15
num_cat=0
split_feature=45 79 19 24 54 10 19 3 53 30 62 25 23 19
split_gain=47.1185 17.1741 11.1009 8.05598 5.53253 3.64175 3.50785 3.77076 3.38545 3.18498 2.97498 2.83887 2.68251 3.14787
threshold=-0.0002587288618087768 719.50000000000011 0.20275000482797625 0.95985001325607311 0.0029829934937879448 0.036776373162865646 0.21485000103712085 -0.004930999828502535 -0.0024306293344125147 0.57504999637603771 0.68276330828666698 0.076319999992847457 0.60455000400543224 0.32854999601840978
decision_type=2 8 8 8 2 10 10 10 2 8 2 10 8 10
left_child=3 2 4 6 10 -4 7 8 -1 -8 -2 -3 -5 -14
right_child=1 11 5 12 -6 -7 9 -9 -10 -11 -12 -13 13 -15
leaf_value=0.00045959008891435272 -3.912284883792519e-05 -0.00080917055804948564 -0.00050011645349940393 -0.00033577270712934214 0.00011947160916784012 -0.0014377702232725143 -6.1569713384781769e-05 0.00023537604026013282 0.00091119305618034112 0.00083276666020233407 -0.00037952026562034766 -0.0015302218105148059 0.00026298825500296733 -0.00038362343636032882
leaf_weight=24469.5 42520 21502 46243 9126.5 77082 4052 13798 17301.5 38431.5 4836 50612 6380 76452 7430.5
leaf_count=24430 42496 21198 46086 9117 77039 4033 13793 16887 38393 4835 50539 6377 76348 7425
internal_value=-1.9242e-07 -0.000272951 -0.000184236 0.000352958 -6.85245e-05 -0.000575794 0.000541538 0.000627683 0.000735563 0.000170695 -0.00022412 -0.000974407 0.000152544 0.00020569
internal_weight=440236 248391 220509 191846 170214 50295 98836.5 80202.5 62901 18634 93132 27882 93009 83882.5
internal_count=438996 247768 220193 191228 170074 50119 98338 79710 62823 18628 93035 27575 92890 83773
is_linear=0
shrinkage=0.03


Tree=10
num_leaves=15
num_cat=0
split_feature=9 61 61 60 60 9 30 50 64 43 66 54 57 57
split_gain=23.0144 11.676 10.3913 9.28576 7.05604 5.89202 5.22464 4.05932 3.90259 3.59907 3.48776 3.41976 3.20081 3.1006
threshold=0.03629774414002896 0.59213107824325573 0.69463577866554271 0.91142535209655773 0.75687175989151012 0.02325099986046553 0.56314998865127575 -0.0087316567078232748 0.96499025821685802 0.0058851162903010854 0.88036233186721813 0.0090184793807566183 -0.0017831161385402081 -0.011352883186191319
decision_type=10 2 2 2 2 10 10 2 10 2 8 2 2 2
left_child=1 4 3 7 6 -3 -1 -2 -6 -8 11 -4 -9 -7
right_child=2 5 10 -5 8 13 9 12 -10 -11 -12 -13 -14 -15
leaf_value=0.00030045462361961045 0.00067351494900357673 0.00021974853255573378 -0.00063859849690156209 -0.00088502724431285774 3.9558436728812026e-05 0.00059884643834855146 0.00081586709986448893 0.00021260000435471732 -0.0013018219457326774 -0.00040243829464277797 -0.0011844891116603922 0.00058130779031060427 -0.00022924271932462089 -0.00025922191852764155
leaf_weight=103336.5 7056 40590.5 30840 12824 45521.5 3970.5 31289.5 22055.5 2034.5 2343 10505 2213 44561 81392.5
leaf_count=103135 7042 40535 30727 12765 45446 3969 30960 22048 2013 2333 10417 2213 44509 81170
internal_value=4.54477e-06 0.000144884 -0.000330479 -0.000140167 0.000296876 -7.77915e-05 0.000406184 -1.04602e-05 -1.79582e-05 0.000730947 -0.000708335 -0.000556846 -8.29517e-05 -0.000219278
internal_weight=440533 310478 130054 86496.5 184525 125954 136969 73672.5 47556 33632.5 43558 33053 66616.5 85363
internal_count=439282 309561 129721 86364 183887 125674 136428 73599 47459 33293 43357 32940 66557 85139
is_linear=0
shrinkage=0.03


Tree=11
num_leaves=15
num_cat=0
split_feature=45 18 24 32 21 64 6 16 45 30 46 80 21 63
split_gain=41.5217 15.5783 8.28112 7.36053 4.56917 3.95447 3.56649 3.36428 3.12014 3.62791 3.02438 2.99388 2.93349 2.638
threshold=0.00076097896089777361 0.094174999743700041 0.9556500017642976 inf 0.88060000538826 0.91946139931678783 -0.0017465000273659823 0.10345000028610231 -0.0033712225267663594 0.5149500072002412 0.7619064748287202 1.0000000180025095e-35 0.26274999976158148 0.10955642536282541
decision_type=2 8 8 8 10 10 10 8 2 8 10 10 10 2
left_child=2 3 6 5 10 7 8 -2 9 -1 -3 -5 -10 -11
right_child=1 4 -4 11 -6 -7 -8 -9 12 13 -12 -13 -14 -15
leaf_value=0.00044832871557013722 7.3736263366403e-05 -0.00062707747441637638 0.00010966723023358177 -0.00066170833314338419 -0.0028955196579882451 -0.00056343079505345088 0.00010411188505498331 -0.00026873328056018544 0.00057940615663037423 0.0014647398232772379 -0.0012979141456478023 3.6112490730866312e-05 -3.8202802226489019e-06 0.00077653904918064309
leaf_weight=28307 99852 36725 102289 30466.5 897 12957.5 18303.5 34812.5 17614 6344.5 7244.5 6760.5 13873 24011.5
leaf_count=28280 99804 36532 102161 30238 897 12929 17925 34792 17606 6306 7173 6750 13867 23963
internal_value=-7.86242e-07 -0.000279773 0.000303316 -0.000158049 -0.000781198 -6.29764e-05 0.000485945 -1.48032e-05 0.00056346 0.000692766 -0.000737741 -0.000534995 0.00032248 0.000920593
internal_weight=440458 229716 210742 184849 44866.5 147622 108454 134664 90150 58663 43969.5 37227 31487 30356
internal_count=439223 229115 210108 184513 44602 147525 107947 134596 90022 58549 43705 36988 31473 30269
is_linear=0
shrinkage=0.03


Tree=12
num_leaves=15
num_cat=0
split_feature=61 60 9 9 56 57 79 79 19 16 30 19 49 0
split_gain=22.2104 13.2967 9.20088 7.25407 6.54664 5.18196 4.88121 4.75839 3.98046 3.8649 3.65548 3.43004 2.97614 2.67314
threshold=0.7925899624824525 0.89569339156150829 0.026206854730844501 0.02464849874377251 -0.0058783488348126403 -0.0026461178204044695 84.500000000000014 543.50000000000011 0.17785000056028369 0.24784999340772632 0.55355000495910656 0.040605001151561744 0.008115966338664295 0.0032659999560564761
decision_type=2 2 10 10 2 2 8 8 8 10 10 8 10 10
left_child=1 2 10 -2 12 -6 8 11 -7 -3 -1 -5 -4 -13
right_child=3 9 4 7 5 6 -8 -9 -10 -11 -12 13 -14 -15
leaf_value=0.00026282122310270211 6.8931518300027444e-05 -0.00027813874034935662 0.0012682257446369346 -0.00018098770176331111 0.00023024700046453601 5.3097301342598142e-05 -0.00064765068842740367 -0.0011508062526813156 -0.00041924844991577379 -0.0010842465893394369 0.0006110305886015549 -0.00073421620315899862 0.00026631118694938331 8.5541908003043454e-05
leaf_weight=74404.5 21933.5 31347.5 2794.5 24589 38265.5 55494.5 16767.5 10320 22588.5 6452 42717 31650 57151.5 4035.5
leaf_count=74285 21894 31250 2778 24565 38232 55472 16684 10183 22563 6419 42355 31603 57059 3927
internal_value=5.48868e-06 0.000115334 0.000180072 -0.000407606 5.28073e-05 -6.44261e-05 -0.000183312 -0.000555659 -8.35649e-05 -0.000415859 0.000389842 -0.000453673 0.000313119 -0.000641515
internal_weight=440511 347983 310184 92528 193062 133116 94850.5 70594.5 78083 37799.5 117122 60274.5 59946 35685.5
internal_count=439269 347097 309428 92172 192788 132951 94719 70278 78035 37669 116640 60095 59837 35530
is_linear=0
shrinkage=0.03


Tree=13
num_leaves=15
num_cat=0
split_feature=62 60 79 19 24 19 56 62 60 54 1 25 66 0
split_gain=21.6633 14.3651 8.24726 6.09995 5.40495 4.58173 4.53328 4.33708 3.72626 4.22365 3.0776 3.06255 2.86306 2.77635
threshold=0.69463577866554271 0.8883824646472932 585.50000000000011 0.11824999749660493 1.3575000166893008 0.23454999923706057 0.016651159152388576 0.20964220166206363 0.13627520203590396 0.003293835674412549 0.012547499965876343 0.12025000154972078 0.93857198953628551 0.01109200017526746
decision_type=2 2 8 8 10 10 2 2 2 2 10 10 8 8
left_child=1 3 6 4 7 -3 8 -1 -2 13 11 12 -8 -10
right_child=2 5 -4 -5 -6 -7 10 -9 9 -11 -12 -13 -14 -15
leaf_value=0.00068334723703558696 0.00023637883801605686 -0.00024388190164123402 -0.00096011160470401628 1.8457689362553467e-05 -5.212403336003286e-05 -0.0010587281749750619 -0.00076619613584138569 0.00030004060397975603 -2.3392380001328983e-05 8.1623078827848818e-05 0.0002592251306637799 0.00022986074422958681 -0.0019646209445132955 -0.00051481615773986585
leaf_weight=35245.5 18415.5 29744.5 16016.5 94462.5 29404.5 7846 14287 107935.5 13963.5 25405 3035 2401 2050.5 39947
leaf_count=35032 18401 29651 15800 94363 29384 7815 14272 107582 13869 25392 2984 2401 2036 39926
internal_value=-5.40341e-06 0.000134971 -0.000320946 0.000212263 0.000318337 -0.000414077 -0.000235246 0.000394416 -0.000148015 -0.000237273 -0.000626658 -0.000770171 -0.000917164 -0.000387545
internal_weight=440160 304638 135521 267048 172586 37590.5 119504 143181 97731 79315.5 21773.5 18738.5 16337.5 53910.5
internal_count=438908 303827 135081 266361 171998 37466 119281 142614 97588 79187 21693 18709 16308 53795
is_linear=0
shrinkage=0.03


Tree=14
num_leaves=15
num_cat=0
split_feature=9 61 61 60 79 60 24 50 60 49 9 19 10 19
split_gain=20.5761 9.27524 8.40429 7.8323 5.80403 5.4322 4.77304 4.61804 3.52496 3.37191 3.35122 3.14264 3.13464 3.03771
threshold=0.036153299733996398 0.59213107824325573 0.55286508798599254 0.88123330473899852 72.500000000000014 0.75687175989151012 1.3435000181198122 -0.012636557221412657 0.15286549180746081 0.028737310320138935 0.02325099986046553 -0.030114999972283837 -0.00078248450881801535 0.10494999960064889
decision_type=10 2 2 2 8 2 10 2 2 10 10 10 8 10
left_child=1 5 3 7 10 6 13 -2 -4 -5 -3 -10 -6 -1
right_child=2 4 8 9 12 -7 -8 -9 11 -11 -12 -13 -14 -15
leaf_value=0.00054083385622956501 0.0013356105472796809 0.00024523519418525724 -0.00013657616114241917 0.0009078808696718041 -0.001020734563598726 -1.059149438150251e-05 -7.4106236153408404e-05 3.3343420643296145e-06 -0.00036748068406775302 -0.00083973272924260179 -0.00010720634286836006 -0.00088178740265864176 -0.00018504816390305044 0.00021431669755968985
leaf_weight=79179 2441 36510 12681.5 1067 7987.5 47114.5 19297.5 54858.5 16530.5 13745.5 72469.5 30331.5 8173.5 37940
leaf_count=78696 2434 36466 12661 1063 7895 47022 19285 54821 16478 13700 72387 30168 8113 37889
internal_value=-2.59264e-06 0.00013134 -0.000316596 -9.87792e-05 -6.78139e-05 0.000267131 0.000363045 6.02019e-05 -0.000580359 -0.000713582 1.08734e-05 -0.000700425 -0.00059827 0.000435074
internal_weight=440327 308672 131656 72112 125140 183531 136416 57299.5 59543.5 14812.5 108980 46862 16161 117119
internal_count=439078 307753 131325 72018 124861 182892 135870 57255 59307 14763 108853 46646 16008 116585
is_linear=0
shrinkage=0.03


Tree=15
num_leaves=15
num_cat=0
split_feature=45 18 79 54 9 9 9 59 1 65 63 13 11 9
split_gain=37.815 15.5821 11.2073 5.87941 5.59325 5.07986 4.24544 3.42345 3.41558 3.42134 2.7774 2.79305 2.73842 3.06185
threshold=0.00076097896089777361 0.09271500259637834 72.500000000000014 0.0030381075339391832 0.024544600397348407 0.041506681591272361 0.026409130543470386 2.3059098720550542 0.0060994999948889026 0.018989542499184612 0.90792226791381847 0.29487752914428716 0.61850833892822277 0.039769751951098449
decision_type=2 8 8 2 10 10 10 10 8 10 2 8 8 10
left_child=6 2 3 4 -2 -3 7 -1 -8 -10 11 -4 13 -11
right_child=1 5 10 -5 -6 -7 8 -9 9 12 -12 -13 -14 -15
leaf_value=0.00055659064142410918 0.00010358802729387595 -0.00052868485891199954 -0.00079758176366590667 0.00015453867677388085 -0.00040500952268955343 -0.0011860446798410483 -0.00012754884707880869 5.5529869648038657e-05 0.0012066190728770173 0.00029648400384657211 -0.001363328276656391 -0.00013848473475480788 0.00065222880589444387 -6.7970232100303889e-05
leaf_weight=62999 30851.5 29005.5 16013.5 70679 52695.5 16665.5 26055.5 15242.5 3294.5 59448 4573.5 9063 11947.5 31863.5
leaf_count=62605 30840 28876 15897 70654 52627 16543 25921 15171 3293 59436 4510 9009 11943 31862
internal_value=-6.31182e-06 -0.000272738 -0.000149544 -4.68416e-05 -0.000217204 -0.000768661 0.000283739 0.000458987 0.000180326 0.000255613 -0.000683657 -0.00055945 0.000225214 0.00016931
internal_weight=440398 229547 183876 154226 83547 45671 210850 78241.5 132609 106554 29650 25076.5 103259 91311.5
internal_count=439187 228956 183537 154121 83467 45419 210231 77776 132455 106534 29416 24906 103241 91298
is_linear=0
shrinkage=0.03


Tree=16
num_leaves=15
num_cat=0
split_feature=45 79 19 24 21 68 66 10 19 6 63 51 49 10
split_gain=32.4853 13.0143 9.497 6.79727 4.44501 3.66125 3.33162 3.32183 3.24791 3.5353 3.366 2.98117 2.87834 2.87735
threshold=0.00076097896089777361 719.50000000000011 0.2751500010490418 0.9556500017642976 0.27265000343322759 -4.6148312321747646e-05 0.70284366607666027 1.0000000180025095e-35 0.15625000000000003 -0.0013465000083670018 0.27446420490741735 0.031279353424906738 0.095487292855978026 0.036776373162865646
decision_type=2 8 8 10 8 2 10 8 10 10 2 10 10 10
left_child=3 2 4 8 5 -2 7 -6 9 10 -1 -7 -5 -4
right_child=1 -3 13 12 6 11 -8 -9 -10 -11 -12 -13 -14 -15
leaf_value=0.00088080779987134543 -0.00046542670344272623 -0.00087901964502147415 -0.00055757009542214552 0.0004208546269468361 -0.00028958522581460066 -0.0005956018119471398 -0.00050353099554848531 0.00014648977214674306 0.00015956342548909981 0.00011778370344719164 0.00044818284738487845 0.00020476484810957459 6.1847319673300911e-06 -0.0015437035135741108
leaf_weight=26613.5 9700 25887 27552.5 18651.5 37310 4460 26857 27164 29881.5 15674.5 41358.5 67661.5 78267 2945.5
leaf_count=26502 9693 25591 27423 18594 37271 4460 26789 27147 29859 15342 41310 67625 78201 2933
internal_value=1.32658e-06 -0.000245496 -0.000164947 0.00027054 -7.8959e-05 8.16287e-05 -0.000222823 -0.000105862 0.000428067 0.000523971 0.000617624 0.000155232 8.60036e-05 -0.000653048
internal_weight=439984 229538 203650 210446 173152 81821.5 91331 64474 113528 83646.5 67972 72121.5 96918.5 30498
internal_count=438740 228932 203341 209808 172985 81778 91207 64418 113013 83154 67812 72085 96795 30356
is_linear=0
shrinkage=0.03


Tree=17
num_leaves=15
num_cat=0
split_feature=45 79 18 24 54 19 21 21 21 51 0 13 11 32
split_gain=32.4134 13.084 11.0696 5.48252 5.01737 3.98846 3.69392 3.58781 3.58283 3.33214 3.31422 3.50559 3.59521 2.97195
threshold=-0.0002587288618087768 636.50000000000011 0.072444997727870955 1.0214999914169314 0.0030381075339391832 0.29414999485015875 0.96384999155998241 0.28984999656677252 0.56964999437332164 0.36779321730136877 0.0048200001474469909 0.52942556142807018 0.30815729498863226 -0.059295000508427613
decision_type=2 8 8 10 2 10 10 10 10 10 8 8 10 10
left_child=3 2 4 5 7 10 9 -2 -3 -4 -1 12 13 -12
right_child=1 8 6 -5 -6 -7 -8 -9 -10 -11 11 -13 -14 -15
leaf_value=0.00014719820876163642 -2.9013207751857643e-05 -0.00070003848070186888 -0.00042402330410280141 9.1395474427483385e-05 0.00014942249482676685 -0.00010118616199700913 -0.0034047057315796047 -0.00041359379232703658 -0.001677579455168009 -0.0011881670359700561 -4.2733174161173234e-05 0.0010563278289125533 0.00080334963096361303 0.00048684334511924833
leaf_weight=21467 54853.5 25089.5 47480.5 77476 74832 11916.5 394 36262.5 3898.5 5756.5 13191.5 11311.5 22074.5 34417.5
leaf_count=21014 54821 24823 47318 77392 74801 11915 394 36212 3853 5710 13189 11301 22046 34395
internal_value=-6.68039e-06 -0.000232785 -0.000153692 0.00028626 -3.25954e-05 0.000418245 -0.000528359 -0.000182084 -0.000831771 -0.000506754 0.000478657 0.000566493 0.00048691 0.000340119
internal_weight=440422 248567 219579 191854 165948 114378 53631 91116 28988 53237 102462 80995 69683.5 47609
internal_count=439184 247932 219256 191252 165834 113860 53422 91033 28676 53028 101945 80931 69630 47584
is_linear=0
shrinkage=0.03


Tree=18
num_leaves=15
num_cat=0
split_feature=9 61 60 61 60 79 64 27 24 49 64 12 68 1
split_gain=18.5434 8.76058 7.7096 7.45292 5.36479 5.32628 3.95531 3.79225 3.23306 2.79547 2.7248 2.65868 2.61824 2.55398
threshold=0.036153299733996398 0.54897791147232067 0.86937856674194347 0.58830371499061596 0.76101878285408031 69.500000000000014 0.90040668845176708 14.335000038146974 1.3575000166893008 1.0000000180025095e-35 0.042694536969065673 0.28939899802207952 0.013769026380032303 0.011183500289916994
decision_type=10 2 2 2 2 8 8 8 10 10 10 10 2 10
left_child=3 2 11 4 8 -5 -6 -3 12 -4 -7 -2 -1 -9
right_child=1 7 9 5 6 10 -8 13 -10 -11 -12 -13 -14 -15
leaf_value=0.00040716959219942099 0.00026216226164125909 -0.00096893379975514823 0.001235303713264386 1.8963232715936851e-05 6.3049947165520534e-05 0.00086018934010497535 -0.00079908100573374496 -0.0004800254691043602 -3.422140690035107e-05 -0.00075074247517786894 -0.00064941803764028251 -0.00015647155272104196 -0.0010800738097759104 0.00061203210818976572
leaf_weight=116837 31936 16032 661.5 109191.5 40645.5 1149 5424 41968.5 18372 15145 16080.5 23842.5 1070.5 2016
leaf_count=116308 31916 15936 661 109067 40589 1142 5399 41888 18359 15096 15942 23819 1069 1959
internal_value=-8.47549e-06 -0.000306659 -8.25276e-05 0.000118617 0.000241337 -5.83965e-05 -3.85289e-05 -0.000573965 0.000335944 -0.000667262 -0.000548525 8.32194e-05 0.000393621 -0.000429908
internal_weight=440372 131602 71585 308770 182349 126421 46069.5 60016.5 136280 15806.5 17229.5 55778.5 117908 43984.5
internal_count=439150 131275 71492 307875 181724 126151 45988 59783 135736 15757 17084 55735 117377 43847
is_linear=0
shrinkage=0.03


Tree=19
num_leaves=15
num_cat=0
split_feature=45 18 30 63 54 45 30 53 63 60 3 16 23 59
split_gain=29.5962 11.1277 5.37154 4.73008 4.59723 3.42583 3.09939 3.37079 3.09761 3.032 3.00642 3.13221 2.96635 2.75658
threshold=-1.0000000180025095e-35 0.072444997727870955 0.55494999885559093 0.96888023614883434 0.0029829934937879448 0.0046153627336025247 0.50405001640319835 0.0031807329505681996 0.25049020349979406 0.89569339156150829 -6.0499998653540381e-05 0.11744999885559083 0.45955000817775732 2.8696192502975468
decision_type=2 8 10 2 2 2 10 2 2 2 10 10 10 10
left_child=2 3 10 4 6 -3 7 -2 -7 -6 11 -1 -8 -4
right_child=1 5 13 -5 9 8 12 -9 -10 -11 -12 -13 -14 -15
leaf_value=0.00034921907977176765 -0.00047120988776957155 -0.00023931606669249647 0.00063208899512655543 -0.00080041077307577374 0.00015830161424244953 -0.0013441980622015477 -0.0013263466273561761 0.00015795371691854521 -0.00061426730238037361 -0.00042946009116911522 -0.00011803761753911417 2.9305373367783215e-05 3.9433411223911389e-05 -7.2925120367959371e-05
leaf_weight=81374.5 44815.5 19721.5 41476 8435 71373 6073.5 1483 9242 37837.5 8877 25315.5 41638 37495 5673
leaf_count=81282 44672 19654 41087 8386 71315 6024 1479 9228 37652 8863 25226 41617 37462 5638
internal_value=-7.04413e-06 -0.000226452 0.000268344 -0.000106891 -7.31103e-05 -0.000567857 -0.000216617 -0.00036364 -0.000715368 9.32626e-05 0.000179669 0.000240938 -1.2694e-05 0.000547262
internal_weight=440830 245353 195477 181720 173286 63632.5 93035.5 54057.5 43911 80250 148328 123012 38978 47149
internal_count=439585 244735 194850 181405 173019 63330 92841 53900 43676 80178 148125 122899 38941 46725
is_linear=0
shrinkage=0.03


Tree=20
num_leaves=15
num_cat=0
split_feature=45 79 18 30 20 21 51 3 19 21 19 46 59 10
split_gain=25.1055 12.7374 7.60382 5.41301 3.70165 3.41891 3.08808 3.02422 3.85378 2.88892 3.01492 2.87901 2.85588 2.8187
threshold=-1.0000000180025095e-35 719.50000000000011 0.072444997727870955 0.54095000028610241 -0.021304999478161332 0.56084999442100536 0.027207926847040657 -8.1499998486833633e-05 0.17044999450445178 0.28765000402927404 -0.024854999966919419 0.8447585701942445 2.8696192502975468 0.00062545607215724896
decision_type=2 8 8 10 10 10 10 10 10 10 10 10 10 10
left_child=3 2 6 7 5 -3 -2 8 -1 -8 13 -4 -5 -11
right_child=1 4 11 12 -6 -7 9 -9 -10 10 -12 -13 -14 -15
leaf_value=0.00033587103418616411 -0.00057863945917436871 -0.0007209618333910208 -0.00034957691172110859 0.00059669382400346944 0.0013382268662983057 -0.0017029417937924577 0.00013231325481590417 -0.00014810317428898379 -4.1640458759549223e-05 -0.0001633608873641265 -0.00029865422747512124 -0.0010490255461627505 -6.8863576960268496e-05 0.0004121098445789811
leaf_weight=83382.5 8319 23293 47390 47848 706 3697.5 85069.5 23337.5 34366 17022 40063 5960 6602 13920.5
leaf_count=83301 8318 23043 47223 47420 705 3651 85024 23268 34359 17011 40025 5917 6567 13916
internal_value=8.32726e-06 -0.000193711 -0.000116625 0.000261928 -0.000799618 -0.000855776 -1.56284e-05 0.00016386 0.000225694 1.43984e-05 -0.000126871 -0.000427807 0.000515997 9.55583e-05
internal_weight=440976 245440 217744 195536 27696.5 26990.5 164394 141086 117748 156075 71005.5 53350 54450 30942.5
internal_count=439748 244833 217434 194915 27399 26694 164294 140928 117660 155976 70952 53140 53987 30927
is_linear=0
shrinkage=0.03


Tree=21
num_leaves=15
num_cat=0
split_feature=45 9 30 79 19 9 16 16 6 64 66 79 56 68
split_gain=24.9857 11.9154 5.19321 4.89541 4.11877 4.1047 4.02018 3.73727 3.5797 3.1809 3.1561 3.04199 2.8401 2.83347
threshold=0.00076097896089777361 0.037935234606266029 0.55625000596046459 70.500000000000014 0.31014999747276312 0.022325936704874042 0.092684999108314528 0.018614999949932102 -0.0019754999084398146 0.90040668845176708 0.87626314163208019 1301.5000000000002 0.010776340961456301 0.0040780864655971536
decision_type=2 10 10 8 10 10 8 8 10 10 10 10 2 2
left_child=2 3 4 5 8 -2 10 -7 -1 -5 -3 -6 -4 -9
right_child=1 6 12 9 11 7 -8 13 -10 -11 -12 -13 -14 -15
leaf_value=0.00029368641305192543 0.00025856777181852589 -0.00020094713394992267 0.00054550103028390331 -0.00034275920495382734 -0.00020125960390809044 9.9003663852197755e-05 -0.00080900043909286465 -0.00041079446388971231 -7.060358017663246e-05 -0.0013842304515732586 -0.0010850023346724335 -0.0025387379651087834 -0.00086623615704642951 1.7237256591679867e-05
leaf_weight=111050.5 37415.5 26337.5 49256 21320 17400.5 45535.5 30740.5 39539 31066.5 3008.5 4212 511 1312.5 21479
leaf_count=110979 37384 26298 48836 21180 17393 45507 30553 39445 30932 2960 4199 508 1311 21470
internal_value=7.78509e-06 -0.000208685 0.000243774 -7.82546e-05 0.000160021 -1.17363e-05 -0.0005668 -0.000106659 0.000214054 -0.000471807 -0.000322993 -0.000268636 0.000508778 -0.000260134
internal_weight=440184 229588 210597 168298 160028 143969 61290 106554 142117 24328.5 30549.5 17911.5 50568.5 61018
internal_count=438955 228996 209959 167946 159812 143806 61050 106422 141911 24140 30497 17901 50147 60915
is_linear=0
shrinkage=0.03


Tree=22
num_leaves=15
num_cat=0
split_feature=9 61 61 60 30 79 50 51 26 12 6 71 68 10
split_gain=18.5278 6.52127 6.24381 5.99572 4.37697 4.1599 3.07373 3.0423 3.00243 3.21583 3.00113 2.92639 2.7058 2.68498
threshold=0.036153299733996398 0.63180866837501537 0.59213107824325573 0.8883824646472932 0.55215001106262218 69.500000000000014 -0.012636557221412657 0.21164927631616595 0.15574999898672107 0.28542423248291021 -0.0010715000098571179 0.0056627502199262389 0.0035322689218446617 -0.0009305428247898816
decision_type=10 2 2 2 10 8 2 10 8 10 10 2 2 8
left_child=2 3 4 6 7 12 -2 10 9 -8 -1 -6 -4 -7
right_child=1 -3 5 -5 11 13 8 -9 -10 -11 -12 -13 -14 -15
leaf_value=0.00027720039518154885 0.0010228662137415144 -0.00055982377634615358 -5.8643509901121354e-05 -0.00066994261351787916 0.00055994436386121941 -0.00085135828311016354 2.6008927163153069e-05 -0.00021984637864095233 0.00018314888341725146 -0.00055771441383266796 -0.00012619493985560718 -0.00011345919849745224 0.00027442466417645564 -9.854182427016985e-05
leaf_weight=93957 2523 51046 77358.5 14873.5 45591.5 8373 19160.5 17402 28599.5 15253 20156.5 6654 30643.5 8686
leaf_count=93872 2518 50832 77240 14823 45195 8282 19146 17367 28579 15239 20062 6644 30625 8631
internal_value=3.63884e-06 -0.000294642 0.00013061 -0.000126273 0.00024189 -3.29048e-05 -2.8447e-06 0.000149598 -4.39914e-05 -0.000232757 0.000205944 0.000474177 3.58665e-05 -0.000468185
internal_weight=440278 131456 308822 80409.5 183761 125061 65536 131516 63013 34413.5 114114 52245.5 108002 17059
internal_count=439055 131137 307918 80305 183140 124778 65482 131301 62964 34385 113934 51839 107865 16913
is_linear=0
shrinkage=0.03


Tree=23
num_leaves=15
num_cat=0
split_feature=45 9 79 24 19 58 9 54 64 19 63 69 19 6
split_gain=22.7208 13.8495 6.34405 5.24131 4.90472 4.4596 4.40357 4.17126 2.87413 2.84767 2.78665 2.94556 2.74329 2.69517
threshold=-1.0000000180025095e-35 0.040826991200447089 707.50000000000011 0.95985001325607311 0.024814999662339691 0.010833536274731161 0.024446758441627029 0.0028588082641363148 0.83877632021904003 0.27975000441074377 0.24178075790405276 0.2149859964847565 0.064254999160766615 -0.002362500061281025
decision_type=2 10 8 10 8 2 10 2 10 10 2 2 8 10
left_child=3 2 4 9 -2 -3 -6 -8 -4 10 13 -12 -7 -1
right_child=1 5 8 -5 6 12 7 -9 -10 -11 11 -13 -14 -15
leaf_value=0.0007911222691564274 0.00016638648404696164 -0.00097408332511378457 -0.00043706684129513279 7.2737985580001446e-05 0.00011591564777081965 -9.8749910846644419e-05 -0.00052085934730355368 -5.9044999866096696e-05 -0.0014163058403204132 -4.6704278284610327e-05 -1.4035552388454887e-05 0.00045143227749926248 -0.00068632756269979488 9.562973267878158e-05
leaf_weight=27020.5 71837 20851.5 14092.5 89194.5 35897 14085 35569 34846.5 3334 12164 17066 43223.5 14526 6159
leaf_count=26948 71776 20703 13951 89090 35894 14077 35426 34826 3264 12162 17008 43019 14491 5984
internal_value=2.77881e-07 -0.000191977 -7.85471e-05 0.000242079 -2.51002e-05 -0.000640428 -0.000154492 -0.000292342 -0.000624765 0.000385058 0.000441247 0.000319683 -0.000397135 0.000662054
internal_weight=439866 245038 195576 194828 178150 49462.5 106312 70415.5 17426.5 105633 93469 60289.5 28611 33179.5
internal_count=438619 244408 195137 194211 177922 49271 106146 70252 17215 105121 92959 60027 28568 32932
is_linear=0
shrinkage=0.03


Tree=24
num_leaves=15
num_cat=0
split_feature=45 9 79 20 62 19 6 30 9 54 20 28 79 54
split_gain=23.6537 13.6782 5.91969 4.96107 4.22818 4.1975 3.67207 3.6411 3.28512 3.25001 2.84934 2.98645 2.77329 2.8437
threshold=-0.00036700777127407486 0.030915866605937484 694.50000000000011 -0.14915000647306439 0.88910847902297985 0.39235000312328344 -0.00057750000269152213 0.51074999570846569 0.015743115916848186 0.0025765885366126899 -0.020305000245571133 0.80754998326301586 72.500000000000014 0.00084239020361565064
decision_type=2 10 8 8 2 10 10 10 10 2 10 8 8 2
left_child=5 8 3 9 -5 6 7 -1 -2 -3 11 -4 13 -10
right_child=1 2 10 4 -6 -7 -8 -9 12 -11 -12 -13 -14 -15
leaf_value=0.00024039179157071431 0.00070138337243600801 -0.00040529888049916453 -0.0012517198133198547 -0.00039391517190389569 -0.0010574804272732298 -0.00030999446730454842 -2.542654521637661e-05 0.00054901958779799093 -0.00021272856048000643 7.5710408926083742e-05 0.0012280202297359425 -0.00043800028577698256 -0.00038678654692364946 0.0001321642879137846
leaf_weight=98299.5 6081.5 21961.5 12036.5 35969 11376 11143 28025.5 52936.5 29279.5 29779.5 539 6135 15584 81101.5
leaf_count=98236 6075 21938 11892 35861 11294 11139 27778 52649 29230 29776 538 6087 15478 81060
internal_value=2.97628e-06 -0.00018899 -0.000423999 -0.000331553 -0.000553451 0.000254866 0.000289986 0.000348434 2.06668e-05 -0.000128474 -0.000913353 -0.000977191 -1.22242e-05 4.0673e-05
internal_weight=440248 249843 117796 99086 47345 190404 179262 151236 132046 51741 18710.5 18171.5 125965 110381
internal_count=439031 249229 117386 98869 47155 189802 178663 150885 131843 51714 18517 17979 125768 110290
is_linear=0
shrinkage=0.03


Tree=25
num_leaves=15
num_cat=0
split_feature=45 9 9 46 24 54 54 61 13 11 5 71 9 54
split_gain=21.2348 12.1722 6.04414 4.77131 4.71133 4.5822 3.66704 3.33597 2.95328 3.24523 2.82866 2.57364 3.12424 2.52432
threshold=-1.0000000180025095e-35 0.040826991200447089 0.02325099986046553 0.82714849710464489 0.95985001325607311 0.0028891273541375999 0.0092781968414783495 0.14256678521633151 0.52942556142807018 0.26695267856121069 0.43405801057815557 -0.00022681300470139829 0.053657680749893195 0.00020934978238074112
decision_type=2 10 10 10 10 2 2 2 8 10 10 2 10 2
left_child=4 2 13 5 8 -4 -3 -5 9 11 -10 -1 -13 -2
right_child=1 6 3 7 -6 -7 -8 -9 10 -11 -12 12 -14 -15
leaf_value=0.0003627389150008697 -0.00023708556662331521 -0.00070021298479295202 -0.00030361103915448057 -0.0024971294988964119 6.881934006533881e-05 5.9713524879622617e-05 0.0001411381906591961 -0.00057673006956353453 0.00088064261664804312 0.00054583699840963877 -0.00060127393194556547 3.9120349466660401e-05 -0.0013786223714445565 0.00028295033334453261
leaf_weight=30225 10370.5 44153.5 64042.5 857.5 89415 60989 5211 14708.5 13689.5 31576.5 1263 27458.5 1469 44151.5
leaf_count=30110 10356 43984 63801 845 89309 60933 5207 14625 13608 31350 1234 27389 1468 44120
internal_value=-4.31135e-06 -0.000190572 -8.40932e-05 -0.000188068 0.000229099 -0.00012639 -0.000611393 -0.000683289 0.000364699 0.000300287 0.00075531 0.000169174 -3.31014e-05 0.000184023
internal_weight=439580 244484 195120 140598 195096 125032 49364.5 15566 105682 90729 14952.5 59152.5 28927.5 54522
internal_count=438339 243871 194680 140204 194468 124734 49191 15470 105159 90317 14842 58967 28857 54476
is_linear=0
shrinkage=0.03


Tree=26
num_leaves=15
num_cat=0
split_feature=45 9 24 79 19 9 54 8 33 10 22 23 9 59
split_gain=18.3953 11.5966 5.94282 5.50817 4.68833 3.52552 3.80252 2.88913 2.52277 2.51032 2.50091 2.956 2.89496 2.7202
threshold=-0.00036700777127407486 0.031662406399846084 0.81264999508857738 694.50000000000011 0.15625000000000003 0.021326591260731224 0.0018394839134998622 0.0015185000374913218 0.0073800000827759513 0.0027270617429167037 0.84714999794960033 0.63455000519752514 0.026206854730844501 3.1353917121887211
decision_type=2 10 8 8 8 10 2 8 10 10 10 8 10 10
left_child=2 5 7 4 9 -2 -7 8 -1 -3 11 -4 13 -13
right_child=1 3 10 -5 -6 6 -8 -9 -10 -11 -12 12 -14 -15
leaf_value=-0.00014152623231296476 0.0002688511110545002 -0.00029187524218556184 -0.00038447927780434026 -0.00086515287283170741 -0.00055365242977665021 -0.00029801460975415378 8.0627277689952737e-05 0.00054592820504266492 0.0010517796482990447 0.0001138933771934221 0.00040346373496175824 0.00046396841889347458 -7.797685419362379e-06 -0.00059570168384496017
leaf_weight=10478 38868 32170 12604.5 17994.5 37062 39247 60909.5 57181.5 1875.5 23922 21221 24126.5 60313.5 2392.5
leaf_count=10225 38833 32150 12585 17805 36889 39124 60845 57150 1808 23903 21173 24011 60253 2386
internal_value=1.27887e-05 -0.000156272 0.000235163 -0.000384698 -0.000291847 2.63595e-05 -6.77536e-05 0.000456054 3.99929e-05 -0.000118829 0.00010785 4.47459e-05 0.00010707 0.000368272
internal_weight=440366 250173 190193 111148 93154 139024 100156 69535 12353.5 56092 120658 99437 86832.5 26519
internal_count=439140 249549 189591 110747 92942 138802 99969 69183 12033 56053 120408 99235 86650 26397
is_linear=0
shrinkage=0.03


Tree=27
num_leaves=15
num_cat=0
split_feature=9 62 71 18 23 57 70 20 59 79 30 34 6 62
split_gain=11.8111 7.34223 5.504 5.45412 3.55174 3.21736 3.76603 3.04297 2.94954 2.85966 2.77509 2.58932 2.49847 2.48954
threshold=0.026311482302844528 0.88910847902297985 -0.00089092078269459296 0.11545000225305559 0.62494999170303356 0.012352553196251394 -0.008827548008412121 -0.01930500008165836 2.8696192502975468 87.500000000000014 0.53955000638961803 0.0043120000045746574 0.00064949999796226632 0.29761770367622381
decision_type=10 2 2 8 8 2 2 10 10 8 8 10 8 2
left_child=4 2 13 5 12 6 -4 -5 10 -8 -6 -10 -1 -2
right_child=1 -3 3 7 8 -7 9 -9 11 -11 -12 -13 -14 -15
leaf_value=-0.00076067024460421489 0.00039090547438675344 -0.00050677510335899519 0.00032056835821463344 -0.0006698701524076202 0.00017478171695719521 -0.00061997084499628688 -4.4046977730316561e-05 0.00014644356262623164 -0.00046439118004106662 -0.00048149023238183941 0.00046116099617538113 0.00056120611428137795 2.378927158420911e-05 3.6157835263274595e-05
leaf_weight=4648.5 24547.5 37184.5 21802 24211 63334.5 9139.5 83039.5 4948 8356.5 16044.5 58671.5 3009.5 17012.5 64781.5
leaf_count=4583 24499 36971 21768 24100 63241 9115 82996 4923 8337 15940 58311 2999 16990 64719
internal_value=7.6411e-07 -0.000113639 -5.48057e-05 -0.000160566 0.000211585 -7.7399e-05 -3.63543e-05 -0.000531348 0.000269452 -0.000114902 0.000312512 -0.000192705 -0.000144694 0.000133658
internal_weight=440731 285698 248514 159184 155033 130026 120886 29159 133372 99084 122006 11366 21661 89329
internal_count=439492 285031 248060 158842 154461 129819 120704 29023 132888 98936 121552 11336 21573 89218
is_linear=0
shrinkage=0.03


Tree=28
num_leaves=15
num_cat=0
split_feature=9 12 61 60 50 64 51 16 68 30 30 16 10 23
split_gain=12.2517 5.5869 5.09492 4.56861 4.14654 4.07427 3.52985 3.42854 2.75865 2.69213 2.5711 2.48421 2.42891 2.34818
threshold=0.036153299733996398 0.49532517790794378 0.72605717182159435 0.45951695740222936 -0.010099793784320353 0.96499025821685802 0.5513194501399995 0.090865001082420363 -1.0000000180025095e-35 0.63734999299049389 0.46574999392032629 0.48475000262260443 -0.0030509424395859237 0.45955000817775732
decision_type=10 10 2 2 2 10 10 8 2 10 8 10 10 8
left_child=2 4 3 9 6 11 10 -6 -4 -1 -2 13 -9 -5
right_child=1 -3 8 5 7 -7 -8 12 -10 -11 -12 -13 -14 -15
leaf_value=0.00029374445861690208 0.00031646357384904658 -0.00065333149644917316 -0.00041631301270867702 -0.00058536133254568962 -1.8846068599086656e-05 -0.0010461884928494774 -0.0013117511578053854 -0.00060204830807990305 3.7821185407644757e-06 0.0008721097080608177 0.0016666137245268436 -0.0014154539255296899 -0.00017706278088003275 0.00013058335257034323
leaf_weight=91491 2893 23284.5 18107.5 4265 53180 2880 731 21855 63007.5 7863 2261 968.5 27131.5 119868
leaf_count=91105 2889 23201 18029 4247 53130 2854 730 21774 62860 7839 2254 964 27035 119638
internal_value=1.07739e-05 -0.000231881 0.000114097 0.000186926 -0.000141035 6.8427e-05 0.000632973 -0.000185648 -9.00166e-05 0.000339559 0.0009098 9.41277e-05 -0.000366709 0.000105962
internal_weight=439786 131336 308450 227336 108052 127982 5885 102166 81115 99354 5154 125102 48986.5 124133
internal_count=438549 131013 307536 226647 107812 127703 5873 101939 80889 98944 5143 124849 48809 123885
is_linear=0
shrinkage=0.03


Tree=29
num_leaves=15
num_cat=0
split_feature=45 18 19 3 13 32 0 51 46 69 24 34 63 24
split_gain=18.0372 9.53024 4.24868 4.26889 3.82379 4.165 3.49404 3.59772 3.413 2.94452 3.03403 2.90457 2.89445 2.86279
threshold=-0.0001461454157833941 0.072444997727870955 0.29934999346733099 -0.00043250000453554088 0.2690082341432572 -0.11840000003576277 -0.0001044999989971984 0.36779321730136877 0.873822182416916 0.20942982286214831 0.82405000925064098 0.010800000280141832 0.24178075790405276 1.0864999890327456
decision_type=2 8 10 10 10 10 10 10 10 2 8 8 2 10
left_child=2 4 3 9 5 -2 7 -3 -6 12 -11 -4 -1 -13
right_child=1 6 11 -5 8 -7 -8 -9 -10 10 -12 13 -14 -15
leaf_value=0.00044700840393442718 -0.00053862313044345282 -0.00046282602414569391 -4.3307835338649628e-05 -2.2154889873027003e-05 0.00016606338306634808 -7.1121618859425008e-05 0.00019702065278878942 -0.0012080759385082265 -0.00050131381524824248 0.00062963930552887713 0.00029448750103853826 -0.00033792584175938164 -7.9414261940337715e-05 -0.0023659533119472329
leaf_weight=15602 21877.5 50957 17687 34655.5 73955 79332 6278.5 6581.5 7601 42262.5 57260 1659 23634 1003.5
leaf_count=15528 21714 50884 17680 34309 73877 79268 6083 6562 7576 42157 57182 1659 23617 1001
internal_value=1.09647e-05 -0.000159236 0.000227559 0.000275681 -4.90229e-05 -0.000172199 -0.000474845 -0.000548168 0.000103837 0.000350065 0.000436835 -0.000182494 0.000129945 -0.00110529
internal_weight=440346 246582 193764 173414 182766 101210 63817 57538.5 81556 138758 99522.5 20349.5 39236 2662.5
internal_count=439097 245964 193133 172793 182435 100982 63529 57446 81453 138484 99339 20340 39145 2660
is_linear=0
shrinkage=0.03


Tree=30
num_leaves=15
num_cat=0
split_feature=45 9 54 9 54 24 46 72 13 18 10 62 73 57
split_gain=17.2781 9.1059 4.14593 3.97194 4.17951 3.68981 3.22983 2.95186 2.81845 2.39713 2.50335 2.39275 2.23092 2.22768
threshold=-1.0000000180025095e-35 0.03660408407449723 0.0092781968414783495 0.021326591260731224 0.0028891273541375999 0.95985001325607311 0.69807550311088573 -0.0029726811917498703 0.37500014901161199 0.21235000342130664 -0.013700620271265505 0.96499025821685802 3.5000000000000004 0.01680665742605925
decision_type=2 10 2 10 2 10 10 2 8 10 10 2 2 2
left_child=5 3 6 -2 -5 -1 8 -8 9 10 -3 -10 -9 -7
right_child=1 2 -4 4 -6 13 7 12 11 -11 -12 -13 -14 -15
leaf_value=0.00034296329471399301 0.00023491134666560239 -0.00085071501311772136 0.00028540563961836562 -0.00026947372502626472 6.4629589532157474e-05 9.1949199542044885e-05 -0.0024285985559970463 -0.00058486577423438001 2.055842550418029e-05 -0.0013279440285179995 -0.00031820273936074576 -0.0019238889465553011 -0.0017729288536426748 -0.001976710953838696
leaf_weight=105763.5 37714 11392.5 6472.5 72040.5 63308 88794 1152 7276.5 13847 3252.5 26269.5 589 1766.5 466
leaf_count=105245 37684 11345 6465 71814 63244 88696 1143 7227 13812 3226 26172 584 1760 462
internal_value=1.23737e-05 -0.000155305 -0.000438763 -3.73372e-05 -0.000113203 0.000223089 -0.00051029 -0.00100091 -0.00041984 -0.000546987 -0.000479376 -5.94152e-05 -0.000817799 8.10392e-05
internal_weight=440104 245080 72018 173062 135348 195024 65545.5 10195 55350.5 40914.5 37662 14436 9043 89260
internal_count=438879 244476 71734 172742 135058 194403 65269 10130 55139 40743 37517 14396 8987 89158
is_linear=0
shrinkage=0.03


Tree=31
num_leaves=15
num_cat=0
split_feature=45 79 9 54 24 6 67 50 20 16 16 30 0 10
split_gain=16.9685 9.08305 6.43244 4.75953 4.26081 3.87821 3.68725 3.74908 3.67117 3.42297 3.25869 3.17877 3.07095 2.75354
threshold=-0.0002587288618087768 719.50000000000011 0.022325936704874042 0.0035045807017013435 0.54864999651908886 -0.0006055000121705233 -0.005102332914248108 -0.017539664171636101 -0.062584999948739992 0.15534999966621402 0.24374999850988391 0.5149500072002412 -0.0077830001246184102 -0.0036700578639283772
decision_type=2 8 10 2 10 10 2 2 8 8 10 8 10 8
left_child=5 2 -2 9 -5 6 7 -1 10 -4 -3 -8 -11 -10
right_child=1 8 3 4 -6 -7 11 -9 13 12 -12 -13 -14 -15
leaf_value=0.0019037329734539928 0.00021845563600851318 -0.0007158164484545171 -0.00020610505202252774 -0.00057236867803211761 9.1890897368391186e-05 -0.00011232122151833236 0.00021739815628763349 2.3773789614123152e-05 -0.00089918884230213926 -0.00072275936436259306 -0.0017506586636710912 0.00054208766090501573 8.5201598398142614e-05 0.00036564242818198841
leaf_weight=967.5 44295.5 17829 73272 10083.5 62723.5 29169 60714.5 52189.5 2370 25015.5 3235.5 49081.5 5095 4449.5
leaf_count=964 44261 17583 73199 10068 62690 28910 60674 52093 2361 25000 3197 48879 4948 4437
internal_value=-5.46049e-06 -0.000169221 -0.000104696 -0.000185943 -1.39582e-07 0.000206243 0.000263269 5.81664e-05 -0.000679325 -0.000316789 -0.000875146 0.00036256 -0.000586053 -7.42647e-05
internal_weight=440491 248369 220485 176190 72807 192122 162953 53157 27884 103382 21064.5 109796 30110.5 6819.5
internal_count=439264 247744 220166 175905 72758 191520 162610 53057 27578 103147 20780 109553 29948 6798
is_linear=0
shrinkage=0.03


Tree=32
num_leaves=15
num_cat=0
split_feature=45 9 79 20 24 79 10 67 51 54 49 46 24 70
split_gain=14.6488 8.42116 4.83701 4.08341 3.70864 3.1537 3.14314 2.97402 2.87719 2.70634 2.65817 2.63516 3.07608 2.62618
threshold=0.00076097896089777361 0.030292481184005741 694.50000000000011 -0.16694999486207959 0.95985001325607311 70.500000000000014 -0.0029044557595625515 -0.0034895522985607381 0.33285437524318701 0.00020934978238074112 0.10211734473705293 1.0258234739303591 0.95155000686645519 -0.0050356595311313859
decision_type=2 10 8 8 10 8 10 2 10 2 10 10 10 2
left_child=4 5 3 6 7 9 -3 13 10 -2 -6 -5 -13 -1
right_child=1 2 -4 11 8 -7 -8 -9 -10 -11 -12 12 -14 -15
leaf_value=0.00045172470840676627 -0.00026418569554753212 -0.00033623896258694726 -0.00081427999477206529 -0.00041280631130605953 0.00038737632336562143 -0.00041238701118979508 0.00015790425701983551 0.0004090681910086276 -0.00065140898972016977 0.00013839900539041957 -1.3717901506351108e-05 -0.0022220242970305191 -1.8693533351959611e-05 -4.4230061893308717e-05
leaf_weight=13481.5 18444.5 21755 17810 49011 18729 14317 24771.5 67823.5 5274.5 81042.5 72111 1559.5 897.5 33420
leaf_count=13418 18410 21739 17619 48834 18671 14217 24760 67494 5264 80999 72062 1551 890 33277
internal_value=-1.36505e-05 -0.000179438 -0.000359539 -0.000276854 0.000166895 3.83619e-06 -7.316e-05 0.000282056 2.94291e-05 6.37519e-05 6.89947e-05 -0.000460967 -0.00141886 9.83615e-05
internal_weight=440448 229608 115804 97994.5 210840 113804 46526.5 114725 96114.5 99487 90840 51468 2457 46901.5
internal_count=439205 229019 115393 97774 210186 113626 46499 114189 95997 99409 90733 51275 2441 46695
is_linear=0
shrinkage=0.03


Tree=33
num_leaves=15
num_cat=0
split_feature=45 9 24 68 18 19 16 23 13 55 56 39 66 11
split_gain=13.4466 9.19124 4.27224 3.82665 3.47602 3.25404 3.23254 3.09006 2.87985 2.53804 2.32332 2.16704 2.14137 2.12582
threshold=-0.0012187495012767611 0.036153299733996398 1.0065000057220461 -1.8899574570241381e-05 0.021274999715387825 0.091004997491836562 0.092684999108314528 0.50335001945495617 0.23958677053451541 0.33170697093009954 0.0069227418862283239 0.088569998741149916 0.12303578853607179 0.054710965603590019
decision_type=2 10 10 2 8 8 10 10 8 2 2 10 8 10
left_child=2 3 6 10 13 7 9 -5 12 -1 -2 -6 -7 -3
right_child=1 4 -4 5 11 8 -8 -9 -10 -11 -12 -13 -14 -15
leaf_value=0.00019952438341249589 -0.00012278269053386448 -0.00036612402121704852 3.4477778095355442e-05 -0.00052011480122862448 -0.00063284067696956392 -0.0011585531067637735 0.00010087462436753333 0.0001938903281448285 6.9965530836627447e-05 0.00058867754948468466 -0.00071591478756935771 0.00032526257256790156 -0.00025517794336571436 0.00011111030325244635
leaf_weight=22931 14663 21797.5 74375 5805.5 40933 2562.5 35298 89256 33562 44109.5 9993 2238 29539 13663
leaf_count=22814 14635 21761 74292 5759 40724 2556 35241 89130 33534 43782 9934 2204 29485 13647
internal_value=4.97062e-06 -0.000130599 0.000207512 -1.5314e-05 -0.000402376 3.80743e-05 0.000333257 0.00015026 -0.000124337 0.000455594 -0.000363274 -0.00058314 -0.000327459 -0.000182255
internal_weight=440726 264012 176714 185381 78631.5 160725 102338 95061.5 65663.5 67040.5 24656 43171 32101.5 35460.5
internal_count=439498 263369 176129 185033 78336 160464 101837 94889 65575 66596 24569 42928 32041 35408
is_linear=0
shrinkage=0.03


Tree=34
num_leaves=15
num_cat=0
split_feature=45 9 18 54 30 63 9 12 58 32 53 19 8 25
split_gain=14.33 7.52204 4.47854 4.333 3.68101 3.91442 3.65845 3.12507 2.93792 3.65439 2.68155 2.54547 3.32446 2.96537
threshold=-0.0002587288618087768 0.025040035136044029 0.10565000027418138 0.0050076465122401723 0.62954998016357433 0.38621111214160925 0.05041198059916497 0.51405066251754772 0.010871717706322672 0.11134999990463258 -0.0028609255095943804 0.29414999485015875 0.00059850001707673084 -0.055609999224543565
decision_type=2 10 8 2 10 2 10 10 2 8 2 10 8 10
left_child=4 -2 3 8 7 -6 -4 11 9 -3 -10 12 -1 -13
right_child=1 2 6 -5 5 -7 -8 -9 10 -11 -12 13 -14 -15
leaf_value=-7.9492841684192487e-06 0.00010529786717346324 -0.00028173147087854207 -0.00039160880593809425 0.00011391326517071331 0.00108845008168209 0.00013813588751394513 -0.0011136224879655465 -0.00015319394339365059 -0.00056146635765243083 -0.00083153423375641926 3.5765939987051779e-05 -0.0021230195161632058 0.00033778989474879845 -5.9052550203412138e-05
leaf_weight=33334 73186.5 47742.5 28308.5 34212.5 8195 7444 8129.5 25191 8440.5 14091 34024.5 646.5 100473 16331.5
leaf_count=32898 73110 47681 28109 34191 8170 7422 8085 25145 8429 13924 33988 645 100391 16329
internal_value=4.14034e-07 -0.000150076 -0.000256906 -0.000179042 0.000195293 0.000636299 -0.000552824 0.000156083 -0.00027514 -0.000407081 -8.29943e-05 0.000207756 0.000251662 -0.000138248
internal_weight=439750 248136 174949 138511 191615 15639 36438 175976 104298 61833.5 42465 150785 133807 16978
internal_count=438517 247517 174407 138213 191000 15592 36194 175408 104022 61605 42417 150263 133289 16974
is_linear=0
shrinkage=0.03


Tree=35
num_leaves=15
num_cat=0
split_feature=45 18 68 60 0 24 46 63 60 57 23 49 45 55
split_gain=11.8021 6.36586 4.2301 3.55482 3.50015 3.327 3.16815 2.70014 2.61879 2.42728 2.26477 2.20228 2.13521 1.95926
threshold=0.00076097896089777361 0.072444997727870955 0.0028950580162927513 0.95717063546180736 -0.0001044999989971984 0.9556500017642976 0.71738433837890636 0.8588472604751588 0.52134728431701671 0.0036001401022076611 0.49324999749660497 0.10920520871877672 -0.030996825546026226 0.47854691743850714
decision_type=2 8 2 2 10 10 10 2 2 2 10 10 2 2
left_child=5 2 7 10 6 8 9 13 -1 -3 -4 -7 -10 -2
right_child=1 4 3 -5 -6 11 -8 -9 12 -11 -12 -13 -14 -15
leaf_value=0.00038458804848576011 -0.00031256461282638533 -0.00022966198258528466 -0.00053441859294491966 -0.00065577497666169751 0.00026068272973162358 0.00029928805891761085 -0.00097146966530440562 -0.00049992077322998899 0.0014563632640525706 -0.00070586925656471308 0.00018153622781407884 -4.6371503098441989e-05 5.8452899065206732e-05 2.5494548345888898e-05
leaf_weight=68856 25741.5 29763.5 4195.5 5344.5 6153 21231 10165.5 21270.5 1001 14244 74613.5 75802.5 43781 38502.5
leaf_count=68466 25660 29734 4174 5327 5959 21170 10144 21182 999 14200 74544 75749 43654 38466
internal_value=-3.92668e-06 -0.000152515 -5.83989e-05 9.25999e-05 -0.000417193 0.00015829 -0.000494203 -0.000206991 0.000268452 -0.00038386 0.00014339 2.92706e-05 8.98591e-05 -0.000109974
internal_weight=440666 229994 169668 84153.5 60326 210672 54173 85514.5 113638 44007.5 78809 97033.5 44782 64244
internal_count=439428 229390 169353 84045 60037 210038 54078 85308 113119 43934 78718 96919 44653 64126
is_linear=0
shrinkage=0.03


Tree=36
num_leaves=15
num_cat=0
split_feature=19 79 61 60 56 24 64 30 65 57 0 13 69 20
split_gain=7.76218 6.71523 3.68501 3.34713 4.06521 3.27472 2.946 2.88765 2.67791 2.47364 2.36781 3.06829 2.30212 2.28314
threshold=0.19135000556707385 636.50000000000011 0.73374596238136303 0.76853874325752269 0.022046919912099842 1.2685000300407412 0.71039488911628734 0.28094999492168432 0.022249725647270683 0.011639825999736788 -0.014847999904304741 0.28161390125751501 0.51087471842765819 -0.027284999378025528
decision_type=8 8 2 2 2 10 10 8 10 2 10 8 2 8
left_child=1 2 5 4 13 9 8 -6 -3 10 11 -1 -4 -2
right_child=3 6 12 -5 7 -7 -8 -9 -10 -11 -12 -13 -14 -15
leaf_value=0.00019888766343679923 -0.00018669091148871276 0.0014765119299652903 -0.00023311921471940502 -0.00047859360880484104 0.00090812158388806313 -3.6155702061968939e-05 -0.00080048877547925234 -0.0015058542577117567 -0.00022151913516595123 -0.00033446824830506508 6.0824900936379562e-05 0.00049164932684937171 9.6370152782168604e-05 0.00015505832433614149
leaf_weight=72890 48574.5 866 35307.5 30295.5 525.5 47124.5 8943 2838 20755 6374.5 38578 57754 41525.5 27579
leaf_count=72860 48516 866 35251 30152 523 47102 8819 2822 20608 6365 38071 57730 41485 27523
internal_value=8.19605e-06 8.08758e-05 0.000124097 -0.000210287 -0.000108041 0.000185897 -0.000342683 -0.00112792 -0.000153181 0.000245489 0.000267344 0.000328323 -5.50473e-05 -6.29243e-05
internal_weight=439930 330118 299554 109812 79517 222721 30564 3363.5 21621 175596 169222 130644 76833 76153.5
internal_count=438693 329157 298864 109536 79384 222128 30293 3345 21474 175026 168661 130590 76736 76039
is_linear=0
shrinkage=0.03


Tree=37
num_leaves=15
num_cat=0
split_feature=9 49 79 18 70 30 19 20 59 27 20 18 70 60
split_gain=9.28249 7.47368 6.58751 5.58368 3.22796 4.78096 3.30685 3.28548 3.1436 3.54815 2.81588 4.34935 2.60474 2.84866
threshold=0.02285358123481274 0.1122620888054371 719.50000000000011 0.21235000342130664 0.029826167970895771 0.30994999408721929 -0.056224999949336045 -0.52959999442100514 2.8696192502975468 13.394999980926515 -0.062584999948739992 0.09271500259637834 0.00098331057233735941 0.45951695740222936
decision_type=10 10 8 8 2 8 10 10 10 8 8 10 2 2
left_child=8 -2 3 4 6 -6 7 -3 9 -1 11 -4 13 -8
right_child=1 2 10 -5 5 -7 12 -9 -10 -11 -12 -13 -14 -15
leaf_value=0.00013591837032933483 0.00029090968043956055 -0.00057485790947840395 -0.00048639204222867004 -0.00073732182446111839 0.0012811523918706842 -0.001590072028653894 0.00020424748649126154 0.00021242926291369405 -0.00032366859197670604 0.00052134256411926763 -3.499696487212135e-05 -0.0014893315651702209 -0.00022086668851797639 -0.00012365409115739278
leaf_weight=47724 43380 5187 23131 11085 653.5 2526 38849.5 58803.5 7676 39117.5 8631 4676.5 87423.5 61721
leaf_count=47473 43232 5187 22911 10981 652 2512 38803 58741 7650 38985 8610 4617 87319 61678
internal_value=-5.36949e-06 -7.73339e-05 -0.000130113 -7.83332e-05 -4.96911e-05 -0.000998849 -3.76952e-05 0.000148573 0.000258112 0.000309552 -0.000508395 -0.000655298 -0.0001011 3.01526e-06
internal_weight=440585 346068 302688 266249 255164 3179.5 251984 63990.5 94517.5 86841.5 36438.5 27807.5 187994 100570
internal_count=439351 345243 302011 265873 254892 3164 251728 63928 94108 86458 36138 27528 187800 100481
is_linear=0
shrinkage=0.03


Tree=38
num_leaves=15
num_cat=0
split_feature=45 9 58 67 46 44 66 60 1 11 19 22 69 58
split_gain=11.1981 5.92333 3.55682 3.37712 3.28496 2.95462 2.87913 2.87653 2.68454 2.52036 2.36155 2.99053 2.24976 2.2422
threshold=0.00076097896089777361 0.037935234606266029 0.010871717706322672 -0.0051897664088755837 0.81075525283813488 -0.012223929166793822 0.86492189764976513 0.80787101387977611 0.0077035001013427981 0.23940752446651462 0.17044999450445178 0.6098499894142152 0.42740046977996832 0.016018489375710491
decision_type=2 10 2 2 10 2 10 2 8 8 8 10 2 2
left_child=3 4 -3 10 -2 -6 12 8 -5 -10 11 -1 -4 -12
right_child=1 2 6 7 5 -7 -8 -9 9 -11 13 -13 -14 -15
leaf_value=-7.8226816649856984e-05 -1.4332331224906063e-06 -0.00065062722570536919 -0.00047777941726050442 3.0941989561832989e-05 -0.0019802376917489911 -0.00031409372884048535 -0.00076457218721068796 -0.0001302582597966523 0.00025117606219262543 0.000569813232033666 -0.0002431914410147893 0.00043368682834450596 0.00011873276182960212 -0.0016773662721451734
leaf_weight=32802.5 145342 27661 8071.5 29153.5 996.5 22140 6391.5 17041.5 66660.5 33612 15430.5 14946.5 19256 1043
leaf_count=32714 145087 27469 8059 28752 990 22049 6374 17011 66642 33590 15407 14897 19236 1043
internal_value=-1.41117e-06 -0.000146217 -0.000398513 0.000156568 -5.4291e-05 -0.000386268 -0.000191628 0.000236099 0.00028434 0.000358008 -2.48152e-05 8.20422e-05 -5.75093e-05 -0.000334476
internal_weight=440548 229858 61380 210690 168478 23136.5 33719 146468 129426 100272 64222.5 47749 27327.5 16473.5
internal_count=439320 229264 61138 210056 168126 23039 33669 145995 128984 100232 64061 47611 27295 16450
is_linear=0
shrinkage=0.03


Tree=39
num_leaves=15
num_cat=0
split_feature=45 79 14 19 24 22 18 58 23 56 24 13 53 5
split_gain=10.7526 6.32746 5.55544 3.51736 3.47393 3.02148 2.94904 2.8703 2.75533 2.64814 2.6032 2.50146 2.63829 2.17142
threshold=-0.00090195456868968893 719.50000000000011 0.072585001587867751 0.07914499938488008 0.81264999508857738 0.84714999794960033 0.14745000004768374 0.011366844177246095 0.59325000643730175 -0.010163835249841211 0.52004998922348034 0.2606536746025086 -0.00060037252842448641 0.49137949943542486
decision_type=2 8 8 10 8 10 10 2 8 2 10 8 2 10
left_child=4 2 3 9 -1 8 -7 10 -6 -2 -3 13 -13 -5
right_child=1 7 -4 11 5 6 -8 -9 -10 -11 -12 12 -14 -15
leaf_value=0.00035440555214400778 -0.00079509513413649402 -0.00010660744818036346 -0.00057091073425457695 -0.00036801989618562617 -0.00048128941378143444 0.00060579541579255719 -0.00026879154686606908 -0.00010288331641597343 6.3834282213672745e-05 0.00010725415839937215 -0.00093325272011880061 -0.00028351444807846415 0.00019282215309765732 0.0003430224746805619
leaf_weight=66077 2998.5 4437 18181 45483.5 9235 15836 4440 9199 86147.5 115093 15101 17360.5 26330.5 4220.5
leaf_count=65733 2993 4433 18069 45438 9222 15786 4435 9148 85963 115006 14836 17337 26316 4176
internal_value=4.07405e-06 -0.000120277 -6.77593e-05 -2.44921e-05 0.000180883 8.17371e-05 0.000414261 -0.000539914 1.10326e-05 8.43096e-05 -0.0007456 -0.000162061 3.54032e-06 -0.000307615
internal_weight=440140 258404 229668 211486 181736 115658 20276 28737 95382.5 118092 19538 93395 43691 49704
internal_count=438891 257752 229335 211266 181139 115406 20221 28417 95185 117999 19269 93267 43653 49614
is_linear=0
shrinkage=0.03


Tree=40
num_leaves=15
num_cat=0
split_feature=45 9 9 54 30 54 46 72 19 23 24 79 26 46
split_gain=10.0557 8.46075 3.91379 3.80269 3.6861 3.43417 2.67496 2.45942 2.3742 2.6971 2.70832 2.54682 2.32255 2.78181
threshold=-0.0012187495012767611 0.040826991200447089 0.022325936704874042 0.0028891273541375999 0.53264999389648449 0.0092781968414783495 0.82714849710464489 0.014605377800762655 0.29414999485015875 0.61544999480247509 0.55364999175071727 1301.5000000000002 0.15474999696016314 0.61854276061058056
decision_type=2 10 10 2 10 2 10 2 10 8 10 10 10 10
left_child=4 2 -2 7 8 12 -5 -4 9 10 -1 -10 -3 -14
right_child=1 5 3 6 -6 -7 -8 -9 11 -11 -12 -13 13 -15
leaf_value=0.0010032653449086231 0.00019217071716275973 -0.00072352867271788962 -0.00026015280527348921 0.00010507068326427148 0.00038576713681244784 0.00026617752939539377 -0.00051613524733675332 0.0013631347670935961 -0.00018668990928652075 0.00019038598662049147 -0.00042527837542137207 -0.0023765663254881391 -0.00012115725238051624 -0.0010423522629823935
leaf_weight=1330 51665 27161 85098 68125.5 52011.5 5228.5 6862.5 843.5 15745.5 95498 11354 488 15766 3625
leaf_count=1328 51603 27017 84775 68078 51563 5223 6840 840 15741 95385 11344 486 15740 3615
internal_value=-1.70458e-06 -0.000118756 -3.49942e-05 -0.000107927 0.000173694 -0.000462617 4.81906e-05 -0.000244142 8.50258e-05 0.000135793 -0.00027515 -0.000253232 -0.000544491 -0.000293592
internal_weight=440802 264375 212594 160930 176427 51780.5 74988 85941.5 124416 108182 12684 16233.5 46552 19391
internal_count=439578 263731 212136 160533 175847 51595 74918 85615 124284 108057 12672 16227 46372 19355
is_linear=0
shrinkage=0.03


Tree=41
num_leaves=15
num_cat=0
split_feature=45 18 55 24 68 21 59 46 64 8 69 16 63 59
split_gain=10.6286 4.78816 3.34527 3.11096 3.1054 2.48873 2.42372 2.19816 2.43984 2.34742 2.33483 2.50944 2.22384 2.16661
threshold=-1.0000000180025095e-35 0.12215000018477441 0.47651778161525732 0.98414999246597301 -0.0013517315383069215 0.88060000538826 3.8405963182449345 0.98859539628028881 0.85401818156242382 -0.0013475000159814952 0.18834459781646731 0.087274998426437392 0.10955642536282541 3.6865828037261967
decision_type=2 8 2 10 2 10 10 8 10 8 2 8 2 10
left_child=3 2 4 7 -2 -3 13 9 -9 -1 12 -12 -11 -5
right_child=1 5 -4 6 -6 -7 -8 8 -10 10 11 -13 -14 -15
leaf_value=-0.00032081184300990212 -0.00093012733151268459 -0.00041763837841175068 3.4702425551035647e-05 6.0208605198606179e-05 -0.00016385740021450571 -0.0020287881947348785 -0.0006188970968079193 0.0011699981944684314 0.0001393613302308181 0.00086433402686511996 0.00049721237374659435 0.00014525737719997396 -0.00012720993757579416 0.0015380384339023232
leaf_weight=6287 5026 31638.5 118996 79454 88448.5 882.5 4769.5 4977 3536 2298 44684.5 30806.5 17537 898
leaf_count=6166 4973 31418 118822 79359 88257 882 4768 4954 3523 2293 44405 30777 17489 898
internal_value=8.89738e-06 -0.000122694 -7.08016e-05 0.000174014 -0.000205106 -0.000461664 3.7803e-05 0.000279292 0.000742241 0.000240472 0.000277505 0.000353605 -1.21449e-05 7.68192e-05
internal_weight=440239 244992 212470 195248 93474.5 32521 85121.5 110126 8513 101613 95326 75491 19835 80352
internal_count=438984 244352 212052 194632 93230 32300 85025 109607 8477 101130 94964 75182 19782 80257
is_linear=0
shrinkage=0.03


Tree=42
num_leaves=15
num_cat=0
split_feature=9 23 12 51 65 26 56 17 10 51 15 9 63 59
split_gain=8.87799 4.83155 3.91888 3.74408 3.67016 3.23984 3.17383 3.11704 3.43581 2.95151 2.91257 2.79844 2.9278 2.65651
threshold=0.036153299733996398 0.45955000817775732 0.49532517790794378 0.21164927631616595 0.16699092090129855 0.24279999732971194 0.028675957582890991 36.844999313354499 -0.0019879237515851851 0.36779321730136877 0.38310000300407415 0.02285358123481274 0.93483316898345958 3.1353917121887211
decision_type=10 8 10 10 10 10 2 8 10 10 10 10 2 10
left_child=1 -1 5 4 -3 7 -7 -2 13 -10 -4 -6 -13 -9
right_child=2 3 10 -5 11 6 -8 8 9 -11 -12 12 -14 -15
leaf_value=-0.00054428480695963564 0.00027052455394739231 0.00039893903408855951 -0.00051661070793055069 -0.00015019332152431598 0.00025737183227581169 0.00035542181540247771 -0.0017014087713257714 -0.0005586354489989934 -1.2906358507307082e-06 -0.0007864542131445064 -0.0027669105949319618 5.2295666776491442e-05 -0.00056110504354394764 0.00029591235346435252
leaf_weight=10798 10884.5 43005 22814.5 45113 65491.5 14821 702.5 34558.5 38909 4840.5 525 136980 7375.5 3613.5
leaf_count=10728 10881 42725 22743 44986 65266 14801 700 34445 38829 4815 523 136793 7349 3612
internal_value=-8.99287e-06 7.89637e-05 -0.000215246 0.000101558 0.000146477 -0.000139263 0.000261824 -0.000206363 -0.000269737 -8.82421e-05 -0.000567811 9.47308e-05 2.09371e-05 -0.000477713
internal_weight=440432 308763 131669 297965 252852 108330 15523.5 92806 81921.5 43749.5 23339.5 209847 144356 38172
internal_count=439196 307847 131349 297119 252133 108083 15501 92582 81701 43644 23266 209408 144142 38057
is_linear=0
shrinkage=0.03


Tree=43
num_leaves=15
num_cat=0
split_feature=45 9 12 30 46 19 3 50 58 18 13 5 68 30
split_gain=9.89235 6.2304 3.25298 3.18871 2.91269 2.88228 3.34469 2.85472 2.96718 2.31912 2.29718 2.24939 2.17478 2.15079
threshold=0.00076097896089777361 0.039969004690647132 0.44680987298488622 0.53264999389648449 0.82714849710464489 0.28925000131130224 -0.00035550000029616052 -0.010099793784320353 0.011911304201930763 0.28344999253749853 0.27311161160469061 0.39642849564552313 0.002963530365377665 0.62954998016357433
decision_type=2 10 10 8 10 10 10 2 2 10 10 10 2 10
left_child=3 4 -3 5 10 6 -1 -5 13 -4 11 12 -2 -9
right_child=1 2 9 7 -6 -7 -8 8 -10 -11 -12 -13 -14 -15
leaf_value=0.0001887040253652882 -0.0003543047768696405 -0.00029740633678219762 -0.00077553406126435603 0.0012178822923211629 -0.00037094323030521927 -0.00031357280199776738 -0.00023382446065653225 0.00026984019027939974 -6.1717574733159778e-05 -0.0028405458017138809 0.00012379763957649624 0.00019736403829881321 -2.0818381665794956e-05 0.00070609492091246737
leaf_weight=89559 34427.5 38940 11336 2890.5 22674.5 16710 20767 47907 19624.5 507.5 68021 17361 36002 12912.5
leaf_count=89502 34401 38804 11282 2873 22573 16701 20708 47506 19594 498 67935 17191 35988 12869
internal_value=-4.08419e-07 -0.000136721 -0.000429893 0.00014815 -5.32975e-05 5.35474e-05 0.000109163 0.000292352 0.000259022 -0.000865182 -7.06167e-06 -0.000108454 -0.000183847 0.000362511
internal_weight=439640 229270 50783.5 210370 178486 127036 110326 83334.5 80444 11843.5 155812 87790.5 70429.5 60819.5
internal_count=438425 228672 50584 209753 178088 126911 110210 82842 79969 11780 155515 87580 70389 60375
is_linear=0
shrinkage=0.03


Tree=44
num_leaves=15
num_cat=0
split_feature=60 61 30 54 1 73 16 71 79 54 16 24 27 56
split_gain=6.12949 6.71526 3.39102 3.46079 3.23588 2.56742 2.51116 2.42886 2.58865 2.38912 2.89562 2.74622 2.37882 2.78356
threshold=0.85401818156242382 0.92323201894760143 0.55355000495910656 0.017100393772125248 0.012547499965876343 1.0000000180025095e-35 0.092684999108314528 -0.0027485454920679326 395.50000000000006 0.0028891273541375999 -0.10895000025629996 0.82405000925064098 15.585000038146974 -0.011310261674225329
decision_type=2 2 10 2 10 2 10 2 8 2 8 8 8 2
left_child=1 2 7 5 -3 -4 -2 -1 9 11 -11 -9 -10 -14
right_child=6 4 3 -5 -6 -7 -8 8 12 10 -12 -13 13 -15
leaf_value=0.00019344755713209184 -0.00010883105593240853 -0.00049888362648068871 -6.3505635086144057e-05 -0.0018222389097612127 0.00050047695837603491 0.00036242741244664267 -0.00048859107017195735 0.00018193696235881257 -0.00061695881613195393 0.00064519675230019047 8.4568447898385475e-05 -0.00015568795935826818 0.0012684866267980647 -0.00017854042574961409
leaf_weight=67957 39161.5 25614 15854 707 3286.5 64743.5 26125 30016 11563.5 9718 56334 78060 1353 10051.5
leaf_count=67858 39021 25547 15767 707 3219 64387 25995 29974 11462 9711 56306 77977 1351 10019
internal_value=7.4495e-06 5.41255e-05 9.0786e-05 0.000260266 -0.000385172 0.000278645 -0.000260821 3.87946e-05 -1.4532e-05 2.49574e-05 0.000167094 -6.19151e-05 -0.000313854 -6.38827e-06
internal_weight=440544 375258 346358 81304.5 28900.5 80597.5 65286.5 265053 197096 174128 66052 108076 22968 11404.5
internal_count=439301 374285 345519 80861 28766 80154 65016 264658 196800 173968 66017 107951 22832 11370
is_linear=0
shrinkage=0.03


Tree=45
num_leaves=15
num_cat=0
split_feature=79 19 65 51 20 16 72 24 20 61 58 66 70 71
split_gain=6.75525 6.50125 4.82491 3.33746 3.15158 3.16712 3.10654 2.79258 2.89039 2.75344 2.73746 2.50517 2.27452 2.1554
threshold=694.50000000000011 0.091004997491836562 0.022249725647270683 0.24358729273080829 -0.083405002951621995 0.44795000553131109 0.010092141572386028 1.3644999861717226 -0.55344998836517323 0.69837990403175365 0.0097796218469738978 0.82522296905517589 0.0015439174603670838 0.010548499412834646
decision_type=8 8 10 10 8 10 2 10 10 2 2 10 2 2
left_child=1 7 -2 12 5 11 -5 8 -1 13 -9 -4 -3 -10
right_child=2 3 4 6 -6 -7 -8 10 9 -11 -12 -13 -14 -15
leaf_value=-0.00073406090814299443 0.0012241750664019272 4.7179214721822262e-05 -0.00036159634900756048 -0.00051773467935692949 -7.4429087130046454e-07 -0.0017103462066225385 0.00095544289598847301 -0.00042735579625899161 0.00030586043295491977 2.6203977708516517e-05 0.00010560978234948831 -0.0011149616890710546 -0.00020029949712701783 -0.00030930207008215759
leaf_weight=2972 1716.5 88954 26298.5 22096.5 13144 1985.5 1363.5 13724.5 127783 53406 23548.5 4677 53535.5 5336.5
leaf_count=2972 1710 88845 26057 22015 13118 1978 1358 13712 127284 53350 23544 4628 53422 5328
internal_value=1.28684e-06 4.22821e-05 -0.000335344 -0.000100403 -0.000393531 -0.000550141 -0.000431928 0.000146698 0.000193388 0.000208184 -9.06675e-05 -0.000475509 -4.58061e-05 0.000281189
internal_weight=440542 392720 47821.5 165950 46105 32961 23460 226770 189498 186526 37273 30975.5 142490 133120
internal_count=439321 391830 47491 165640 45781 32663 23373 226190 188934 185962 37256 30685 142267 132612
is_linear=0
shrinkage=0.03


Tree=46
num_leaves=15
num_cat=0
split_feature=45 9 54 69 30 50 58 44 9 1 16 18 18 67
split_gain=8.40276 6.08038 3.65898 3.21693 3.23037 2.80182 2.78728 2.74143 2.6818 2.28327 2.76987 2.2137 2.122 2.11641
threshold=-0.00047710661601740861 0.024446758441627029 0.0050076465122401723 0.20942982286214831 0.57954999804496776 -0.017539664171636101 0.014560916461050512 -0.0043975843582302323 0.049915833398699767 0.00638150004670024 0.090865001082420363 -0.073224999010562883 0.10565000027418138 -0.0023322066990658637
decision_type=2 10 2 2 10 2 2 2 10 8 10 8 8 2
left_child=3 -2 8 5 9 6 -1 12 11 -5 -11 -3 -4 -9
right_child=1 2 7 4 -6 -7 -8 13 -10 10 -12 -13 -14 -15
leaf_value=0.0034263173970219283 0.0001241275039625803 0.00011911524205248704 -0.00019302386714758286 -0.00010033979463997299 0.00053649605549409025 -7.2987939674494314e-05 -0.00017119325583136254 -0.00029921032483771625 -0.00067474652669760387 0.00036914689246205374 2.0837013069191312e-05 -0.00028282919980967029 -0.0013077382758988447 0.00027477700287107016
leaf_weight=408.5 68650.5 13870.5 7352 24189 24734.5 53414 364 7321.5 14090.5 51333 34262 110988.5 1939 27418.5
leaf_count=405 68577 13817 7347 23966 24546 53258 364 7315 14040 51310 34257 110584 1930 27388
internal_value=-3.13946e-06 -0.000116626 -0.000206953 0.00014819 0.000226803 -4.69692e-05 0.00174098 3.13576e-05 -0.000282469 0.000157007 0.000229735 -0.000238174 -0.000426239 0.000153783
internal_weight=440336 251631 182980 188705 134518 54186.5 772.5 44031 138950 109784 85595 124859 9291 34740
internal_count=439104 250998 182421 188106 134079 54027 769 43980 138441 109533 85567 124401 9277 34703
is_linear=0
shrinkage=0.03


Tree=47
num_leaves=15
num_cat=0
split_feature=9 61 60 12 10 11 1 27 44 19 21 23 55 21
split_gain=6.9785 5.39507 4.61646 4.12706 3.00386 2.98289 3.42156 2.81908 2.52001 2.64089 2.45264 2.45186 2.34443 2.24516
threshold=0.02167436666786671 0.80039063096046459 0.94587936997413646 0.50968220829963695 1.0000000180025095e-35 -0.39926946163177485 0.0060994999948889026 13.515000343322756 -0.019116121344268319 0.41314999759197241 0.49764999747276312 0.52265000343322765 0.18278816342353824 0.45305000245571142
decision_type=10 2 2 10 10 8 8 8 2 8 8 10 2 10
left_child=7 2 3 5 10 8 -7 12 -2 -10 11 -3 -1 -5
right_child=1 4 -4 13 -6 6 -8 -9 9 -11 -12 -13 -14 -15
leaf_value=-0.00095481946065092971 0.00052368967396286244 -0.0013193927190206993 -0.00045855420688394933 -0.00014043607659059996 -8.7284161219128474e-05 -0.00012557604566630631 0.00024385593805995663 0.00047443447301168237 -5.0535975318599914e-05 -0.00071775144428157993 -0.00098063374106826823 -0.00028196537145108627 0.00014993879310365641 -0.0007371807728138866
leaf_weight=1800.5 6310 2196 18073 35342.5 38061 28099.5 114455 32422 73469.5 5752.5 6774 30068.5 40717.5 6755.5
leaf_count=1790 6299 2168 17981 35296 37910 27838 114419 32316 73375 5740 6716 29972 40493 6738
internal_value=4.31985e-08 -5.40489e-05 5.57312e-06 3.66271e-05 -0.000276948 8.70003e-05 0.000171034 0.000263746 -5.30584e-05 -9.90263e-05 -0.000461828 -0.000352769 0.000103049 -0.000236272
internal_weight=440297 365357 288258 270184 77099.5 228086 142554 74940 85532 79222 39038.5 32264.5 42518 42098
internal_count=439051 364452 287686 269705 76766 227671 142257 74599 85414 79115 38856 32140 42283 42034
is_linear=0
shrinkage=0.03


Tree=48
num_leaves=15
num_cat=0
split_feature=45 9 16 9 30 13 49 11 1 63 68 28 68 37
split_gain=8.37016 6.79953 3.54319 3.59765 3.04512 2.84094 2.25661 2.41839 2.1696 2.15122 2.10514 2.09796 2.49784 1.98177
threshold=-0.0023910077288746829 0.025721385143697265 -0.087494999170303331 0.046383962035179145 0.57954999804496776 0.2606536746025086 0.01964762527495623 0.61850833892822277 -0.0021225000964477654 0.6585855782032014 -4.6148312321747646e-05 0.51089999079704296 0.0092150620184838789 0.0019140000222250821
decision_type=2 10 8 10 10 8 10 8 10 2 2 8 2 8
left_child=4 10 -3 5 6 8 -1 -8 -4 -6 -2 -12 -13 -10
right_child=1 2 3 -5 9 -7 7 -9 13 -11 11 12 -14 -15
leaf_value=0.00062927873500682346 -0.00025371574656519352 5.0123177810131515e-05 -0.00040443746133809354 -0.00062316118918296661 0.00058571781501182835 -5.3098315058278049e-05 3.4743581081143586e-05 0.00044706278524663131 -0.00034476114293575385 -0.00013456924975786187 5.23899537614936e-05 0.00043725686090736017 -0.00081157439904696108 0.00053781647501713597
leaf_weight=7210 12658 38971 59976 22230 22265 57285.5 108537.5 14510 4628.5 4481 54353.5 26911.5 1518.5 4522
leaf_count=7156 12630 38910 59904 22134 22055 57161 108338 14443 4533 4458 54307 26837 1513 4431
internal_value=-2.17454e-06 -9.96176e-05 -0.000204489 -0.000271242 0.000173499 -0.000209334 0.000113621 8.33813e-05 -0.000338794 0.000465039 0.000106531 0.000161627 0.000370423 9.14472e-05
internal_weight=440058 283054 187613 148642 157004 126412 130258 123048 69126.5 26746 95441.5 82783.5 28430 9150.5
internal_count=438810 282360 187073 148163 156450 126029 129937 122781 68868 26513 95287 82657 28350 8964
is_linear=0
shrinkage=0.03


Tree=49
num_leaves=15
num_cat=0
split_feature=45 79 66 13 6 51 9 20 58 1 54 61 51 59
split_gain=7.67342 5.65171 3.9418 3.48248 2.83693 2.58643 2.97065 2.56919 3.03638 2.34268 2.81911 2.40279 2.21366 2.20662
threshold=-0.00047710661601740861 719.50000000000011 0.97593259811401378 0.26272976398468023 -0.0006055000121705233 0.14531370997428897 0.039769751951098449 -0.076015003025531755 0.011366844177246095 -0.0072095000650733701 0.0028891273541375999 0.99076205492019664 0.23538756370544436 2.9316080808639531
decision_type=2 8 8 8 10 10 10 8 2 10 2 2 10 10
left_child=4 2 3 9 5 6 13 8 12 10 -2 -12 -3 -1
right_child=1 7 -4 -5 -6 -7 -8 -9 -10 -11 11 -13 -14 -15
leaf_value=0.00040107083943218913 -0.00037636955811807496 -0.00076664408726015876 -0.00073886671610298737 9.8790859892626838e-05 -0.00012834640452064123 1.6596044505381001e-06 -1.4493470116146663e-05 -3.7766187678011238e-05 -0.00016026929573899747 0.00013558365709550853 -2.5042560595886517e-05 -0.0019369078621737433 -0.001788624569502672 -9.3307492924531575e-05
leaf_weight=81531.5 45903.5 11405 7326.5 99530 28423 44247 25546.5 7666.5 6738.5 22055 48040 594 2291.5 9023
leaf_count=81280 45890 11237 7223 99461 28169 44191 25543 7643 6694 21923 48033 594 2221 8993
internal_value=3.30144e-06 -0.000105187 -5.47532e-05 -3.15453e-05 0.000147868 0.000196832 0.000271211 -0.000506128 -0.000681789 -0.000142807 -0.000207758 -4.85902e-05 -0.000938217 0.000351808
internal_weight=440322 251550 223449 216122 188771 160348 116101 28101.5 20435 116592 94537.5 48634 13696.5 90554.5
internal_count=439095 250919 223124 215901 188176 160007 115816 27795 20152 116440 94517 48627 13458 90273
is_linear=0
shrinkage=0.03


end of trees

feature_importances:
Column_9=64
Column_79=42
Column_45=40
Column_19=39
Column_24=32
Column_54=31
Column_30=25
Column_60=23
Column_16=22
Column_61=19
Column_18=18
Column_10=16
Column_21=16
Column_62=15
Column_20=14
Column_46=14
Column_68=14
Column_23=12
Column_51=12
Column_63=12
Column_6=11
Column_13=11
Column_49=10
Column_58=10
Column_59=10
Column_64=10
Column_0=9
Column_1=9
Column_56=9
Column_11=8
Column_12=8
Column_57=8
Column_66=8
Column_71=8
Column_50=7
Column_3=6
Column_69=6
Column_32=5
Column_53=5
Column_70=5
Column_27=4
Column_44=4
Column_55=4
Column_65=4
Column_67=4
Column_5=3
Column_8=3
Column_15=3
Column_22=3
Column_25=3
Column_26=3
Column_72=3
Column_17=2
Column_28=2
Column_34=2
Column_43=2
Column_73=2
Column_14=1
Column_33=1
Column_37=1
Column_39=1
Column_52=1
Column_80=1

parameters:
[boosting: gbdt]
[objective: regression]
[metric: l2]
[tree_learner: serial]
[device_type: cpu]
[data_sample_strategy: bagging]
[data: ]
[valid: ]
[num_iterations: 50]
[learning_rate: 0.03]
[num_leaves: 15]
[num_threads: 4]
[seed: 8]
[deterministic: 1]
[force_col_wise: 1]
[force_row_wise: 0]
[histogram_pool_size: -1]
[max_depth: -1]
[min_data_in_leaf: 100]
[min_sum_hessian_in_leaf: 0.001]
[bagging_fraction: 0.8]
[pos_bagging_fraction: 1]
[neg_bagging_fraction: 1]
[bagging_freq: 1]
[bagging_seed: 28170]
[bagging_by_query: 0]
[feature_fraction: 0.7]
[feature_fraction_bynode: 1]
[feature_fraction_seed: 31103]
[extra_trees: 0]
[extra_seed: 10443]
[early_stopping_round: 0]
[early_stopping_min_delta: 0]
[first_metric_only: 0]
[max_delta_step: 0]
[lambda_l1: 0]
[lambda_l2: 5]
[linear_lambda: 0]
[min_gain_to_split: 0]
[drop_rate: 0.1]
[max_drop: 50]
[skip_drop: 0.5]
[xgboost_dart_mode: 0]
[uniform_drop: 0]
[drop_seed: 311]
[top_rate: 0.2]
[other_rate: 0.1]
[min_data_per_group: 100]
[max_cat_threshold: 32]
[cat_l2: 10]
[cat_smooth: 10]
[max_cat_to_onehot: 4]
[top_k: 20]
[monotone_constraints: ]
[monotone_constraints_method: basic]
[monotone_penalty: 0]
[feature_contri: ]
[forcedsplits_filename: ]
[refit_decay_rate: 0.9]
[cegb_tradeoff: 1]
[cegb_penalty_split: 0]
[cegb_penalty_feature_lazy: ]
[cegb_penalty_feature_coupled: ]
[path_smooth: 0]
[interaction_constraints: ]
[verbosity: -1]
[saved_feature_importance_type: 0]
[use_quantized_grad: 0]
[num_grad_quant_bins: 4]
[quant_train_renew_leaf: 0]
[stochastic_rounding: 1]
[linear_tree: 0]
[max_bin: 255]
[max_bin_by_feature: ]
[min_data_in_bin: 3]
[bin_construct_sample_cnt: 200000]
[data_random_seed: 64]
[is_enable_sparse: 1]
[enable_bundle: 1]
[use_missing: 1]
[zero_as_missing: 0]
[feature_pre_filter: 1]
[pre_partition: 0]
[two_round: 0]
[header: 0]
[label_column: ]
[weight_column: ]
[group_column: ]
[ignore_column: ]
[categorical_feature: ]
[forcedbins_filename: ]
[precise_float_parser: 0]
[parser_config_file: ]
[objective_seed: 25835]
[num_class: 1]
[is_unbalance: 0]
[scale_pos_weight: 1]
[sigmoid: 1]
[boost_from_average: 1]
[reg_sqrt: 0]
[alpha: 0.9]
[fair_c: 1]
[poisson_max_delta_step: 0.7]
[tweedie_variance_power: 1.5]
[lambdarank_truncation_level: 30]
[lambdarank_norm: 1]
[label_gain: ]
[lambdarank_position_bias_regularization: 0]
[eval_at: ]
[multi_error_top_k: 1]
[auc_mu_weights: ]
[num_machines: 1]
[local_listen_port: 12400]
[time_out: 120]
[machine_list_filename: ]
[machines: ]
[gpu_platform_id: -1]
[gpu_device_id: -1]
[gpu_device_id_list: ]
[gpu_use_dp: 0]
[num_gpu: 1]

end of parameters

pandas_categorical:null
