tree
version=v4
num_class=1
num_tree_per_iteration=1
label_index=0
max_feature_idx=81
objective=regression
feature_names=Column_0 Column_1 Column_2 Column_3 Column_4 Column_5 Column_6 Column_7 Column_8 Column_9 Column_10 Column_11 Column_12 Column_13 Column_14 Column_15 Column_16 Column_17 Column_18 Column_19 Column_20 Column_21 Column_22 Column_23 Column_24 Column_25 Column_26 Column_27 Column_28 Column_29 Column_30 Column_31 Column_32 Column_33 Column_34 Column_35 Column_36 Column_37 Column_38 Column_39 Column_40 Column_41 Column_42 Column_43 Column_44 Column_45 Column_46 Column_47 Column_48 Column_49 Column_50 Column_51 Column_52 Column_53 Column_54 Column_55 Column_56 Column_57 Column_58 Column_59 Column_60 Column_61 Column_62 Column_63 Column_64 Column_65 Column_66 Column_67 Column_68 Column_69 Column_70 Column_71 Column_72 Column_73 Column_74 Column_75 Column_76 Column_77 Column_78 Column_79 Column_80 Column_81
feature_infos=[-0.062088999897241592:0.11504700034856796] [-0.11149699985980988:0.12835800647735596] [-1:1] [-0.081061996519565582:0.051552001386880875] [1.546720027923584:28.3704833984375] [0:0.83333301544189453] [-0.028457000851631165:0.027414999902248383] [0:1] [-0.042164001613855362:0.043588001281023026] [0.0057172086089849472:0.47293302416801453] [-0.36001697182655334:0.46201157569885254] [-1:1] [0:1] [0:1] [-0.50599998235702515:1.2970000505447388] [-0.79670000076293945:2.1860001087188721] [-0.81319999694824219:24.639999389648438] [3.9030001163482666:99.989997863769531] [-0.73680001497268677:1.6310000419616699] [-0.77389997243881226:7.0240001678466797] [-0.91420000791549683:0] [0.00081489997683092952:4.0180001258850098] [-0.53280001878738403:1.5440000295639038] [0.0022179998923093081:5.8680000305175781] [-0.26850000023841858:2.9319999217987061] [-0.3799000084400177:0.36430001258850098] [0.050769999623298645:0.87889999151229858] [9.1499996185302734:83.610000610351562] [0.0039679999463260174:1] [-4:4] [0.05534999817609787:0.90539997816085815] [0.32490000128746033:2.5850000381469727] [-0.26179999113082886:0.52819997072219849] [-0.11980000138282776:0.095150001347064972] [-0.12319999933242798:0.12160000205039978] [-0.35749998688697815:1.156000018119812] [-0.12399999797344208:0.1023000031709671] [-0.13220000267028809:0.090819999575614929] [-0.026590000838041306:0.043880000710487366] [-0.55330002307891846:0.99029999971389771] [-0.039098739624023438:0.08527132123708725] [-0.94942587614059448:0.92923778295516968] [4.9275102355750278e-05:0.44297224283218384] [-0.90016281604766846:9.473414421081543] [-0.17408907413482666:0.2277580052614212] [-0.89964240789413452:9.4935169219970703] [0:19.30915641784668] [-59.313907623291016:404.22930908203125] [-5.952430248260498:7.989593505859375] [-0.14687499403953552:1] [-0.080550946295261383:0.073985621333122253] [8.9203458628617227e-05:96.041580200195312] [0.00031769918859936297:1254.5347900390625] [-0.029737390577793121:0.025568626821041107] [-0.084868215024471283:0.037972953170537949] [0.018604651093482971:0.96108949184417725] [-0.1676144003868103:0.20218938589096069] [-0.90268170833587646:9.4715280532836914] [0.0061233546584844589:0.054694462567567825] [0.10559580475091934:27.941278457641602] [0.0038759689778089523:1] [0.0038759689778089523:1] [0.0038759689778089523:1] [0.0038759689778089523:1] [0.0038759689778089523:1] [0.0038759689778089523:1] [0.0039215688593685627:1] [-0.068778954446315765:0.059377908706665039] [-0.6641506552696228:0.52342545986175537] [0:1] [-0.17135186493396759:0.20153720676898956] [-0.90302252769470215:9.472050666809082] [-0.070965729653835297:0.060694672167301178] [0:6] [0:1] [0:1] [0:24] [0:1] [0:0.22986266016960144] [0:3378] [0:10] [0:1]
tree_sizes=1571 1659 1671 1660 1669 1669 1680 1670 1675 1675 1657 1659 1682 1666 1673 1666 1671 1674 1665 1649 1673 1658 1677 1652 1683 1662 1654 1654 1659 1649 1651 1668 1654 1665 1664 1668 1676 1664 1673 1667 1666 1675 1662 1677 1654 1660 1663 1679 1647 1653

Tree=0
num_leaves=15
num_cat=0
split_feature=45 79 21 19 19 3 30 21 68 61 68 63 69 12
split_gain=71.0797 27.4508 17.8228 9.88878 8.88901 6.90178 5.77659 4.09569 3.72637 3.65893 3.42173 3.25214 3.41286 3.22751
threshold=-1.0000000180025095e-35 719.50000000000011 0.28765000402927404 0.17785000056028369 0.34174999594688421 -0.0014725000364705918 0.51074999570846569 0.47544999420642858 0.0050315698608756074 0.89640536904335033 -4.6148312321747646e-05 0.28265455365180975 0.2149859964847565 0.53129756450653087
decision_type=2 8 8 8 10 10 10 10 2 2 2 2 2 10
left_child=4 2 10 8 5 6 13 -3 -4 -5 -2 -8 -13 -1
right_child=1 7 3 9 -6 -7 11 -9 -10 -11 -12 12 -14 -15
leaf_value=0.50274197611933358 0.5018184344121206 0.50119485325894375 0.50179535201460235 0.50151597333224207 0.50196781456024864 0.50236174100125086 0.50335581940765162 0.50032012273324333 0.50225569788060065 0.50083660568008581 0.50234315720046885 0.50232661299660131 0.50306746280869019 0.50221897998761034
leaf_weight=79506 12705.5 21350 48597 29879.5 15566.5 38991 21168 6232.5 23466 9382 93178.5 7734.5 20251.5 12256.5
leaf_count=79466 12689 21130 48539 29771 15559 38584 21027 6156 23458 9311 93130 7726 20239 12254
internal_value=0.502229 0.501888 0.502002 0.501737 0.502655 0.502715 0.502813 0.500997 0.501945 0.501353 0.50228 0.503075 0.502863 0.502672
internal_weight=440265 244791 217208 111324 195474 179908 140916 27582.5 72063 39261.5 105884 49154 27986 91762.5
internal_count=439039 244184 216898 111079 194855 179296 140712 27286 71997 39082 105819 48992 27965 91720
is_linear=0
shrinkage=1


Tree=1
num_leaves=15
num_cat=0
split_feature=61 60 79 30 16 16 16 24 43 6 60 14 57 48
split_gain=37.5848 20.8829 15.3226 11.1427 7.4705 6.98098 5.33259 5.83498 4.53081 4.22623 4.18605 3.71285 3.70645 4.47635
threshold=0.69463577866554271 0.85401818156242382 585.50000000000011 0.55215001106262218 0.10925000160932542 0.35244999825954443 0.090865001082420363 1.2925000190734866 0.0076107545755803594 -0.00071950000710785378 0.124412938952446 0.072585001587867751 0.011639825999736788 -0.28269593417644495
decision_type=2 2 8 10 8 10 10 8 2 10 2 10 2 8
left_child=1 3 4 6 11 12 7 9 -5 -1 -4 -2 13 -3
right_child=2 5 10 8 -6 -7 -8 -9 -10 -11 -12 -13 -14 -15
leaf_value=0.00053155258613186702 -6.9342170954614927e-05 0.00034772493558105462 -0.00037273435319840455 0.00071827259394495002 -0.00060956757573840659 -0.0015120975360245264 -1.8644904129516819e-05 -2.8658453386447531e-06 -0.000345371094067024 -6.9490312659505166e-05 -0.0015453058260565822 -0.0010486828001847273 -0.00072265899986832891 -0.000372250029942699
leaf_weight=72757.5 72490 12430 3522 57167 43403 4431 71868.5 37922 3844 12309 12398.5 3655 11732 20721.5
leaf_count=72672 72419 12410 3508 56745 43266 4403 71802 37889 3835 12249 12204 3649 11686 20662
internal_value=3.90394e-06 0.000188498 -0.000411941 0.000297446 -0.000295478 -0.000376747 0.000186658 0.000306624 0.000651235 0.000444584 -0.0012861 -0.000116417 -0.000264507 -0.000102287
internal_weight=440651 305182 135468 255868 119548 49314.5 194857 122988 61011 85066.5 15920.5 76145 44883.5 33151.5
internal_count=439399 304353 135046 255192 119334 49161 194612 122810 60580 84921 15712 76068 44758 33072
is_linear=0
shrinkage=0.03


Tree=2
num_leaves=15
num_cat=0
split_feature=45 9 79 24 79 9 16 54 46 19 6 64 19 54
split_gain=65.3269 28.219 11.2693 9.87149 8.02377 7.48281 7.42771 5.65862 4.13872 3.83538 4.22714 3.68727 3.55372 3.461
threshold=-1.0000000180025095e-35 0.036153299733996398 72.500000000000014 0.9556500017642976 543.50000000000011 0.022325936704874042 0.069775000214576735 0.0028891273541375999 0.81904259324073803 0.28444999456405645 -0.0014004999538883565 0.90040668845176708 0.064254999160766615 0.0033186911605298523
decision_type=2 10 8 10 8 10 8 2 10 10 10 10 8 2
left_child=3 2 5 9 6 -2 13 12 -8 10 -1 -4 -7 -3
right_child=1 4 11 -5 -6 7 8 -9 -10 -11 -12 -13 -14 -15
leaf_value=0.00076629377717223307 0.00033127011031157389 -0.00064362407928051258 -0.00058200427847181712 0.00018123732711471284 -0.0014354763756743013 -0.00011837637026344343 -0.00086709906662865309 9.0460028555478536e-05 -0.0020449679314608082 9.5168003911302049e-05 0.00023786376787080611 -0.0017529573535994269 -0.00059591550232955342 3.518020511141972e-06
leaf_weight=76999 41196.5 14702 20819 90258.5 14722 28769 27845 48794 2970.5 11634.5 16560 2736 27367.5 15048
leaf_count=76835 41165 14687 20675 90146 14585 28746 27722 48780 2948 11633 16216 2689 27295 15048
internal_value=2.38165e-06 -0.000323976 -0.000109491 0.000411419 -0.000807339 -1.13231e-05 -0.000654549 -0.000145837 -0.000980955 0.000608902 0.000672779 -0.000718358 -0.000351217 -0.000316344
internal_weight=440422 244970 169682 195452 75287.5 146127 60565.5 104930 30815.5 105194 93559 23555 56136.5 29750
internal_count=439170 244340 169350 194830 74990 145986 60405 104821 30670 104684 93051 23364 56041 29735
is_linear=0
shrinkage=0.03


Tree=3
num_leaves=15
num_cat=0
split_feature=61 60 9 9 56 79 57 79 30 16 19 6 19 19
split_gain=33.874 19.7682 13.1538 11.1982 10.0983 7.79093 6.39921 6.15631 5.59952 5.57768 4.56292 3.88113 4.11362 3.8405
threshold=0.7925899624824525 0.9035310447216035 0.026206854730844501 0.025040035136044029 -0.0055576045997440806 707.50000000000011 -0.0014555946690961716 87.500000000000014 0.54524999856948864 0.24784999340772632 0.18865000456571582 -0.0018875000532716511 0.28925000131130224 0.16804999858140948
decision_type=2 2 10 10 2 8 2 8 10 8 8 10 10 8
left_child=1 2 8 -2 11 13 -6 10 -1 -3 -8 12 -4 -5
right_child=3 9 4 5 6 -7 7 -9 -10 -11 -12 -13 -14 -15
leaf_value=0.00028793417591321547 5.2502700726889789e-05 -0.00035236749269283279 0.00059098153459190197 -0.00040094063388085787 0.00016524791310102788 -0.0015041110868760756 1.0566431646096289e-05 -0.00083342841154143634 0.00071068855597105523 -0.0012835602798568274 -0.00054847902760383235 -0.00019018971595706767 -6.9133267113868341e-05 -0.00090379607642831865
leaf_weight=71395 23255 27462 43568 38218.5 51205.5 9545.5 47948 14083.5 46613.5 7333 18095 9668.5 10553 21290
leaf_count=71291 23209 27384 43523 38172 51158 9408 47931 14012 46210 7282 18067 9612 10552 21170
internal_value=-6.00123e-06 0.000129548 0.00020493 -0.000516883 5.3714e-05 -0.000708622 -9.66986e-05 -0.000264098 0.000454946 -0.000548771 -0.000142635 0.000363372 0.000462272 -0.000580905
internal_weight=440234 347925 313130 92309 195122 69054 131332 80126.5 118008 34795 66043 63789.5 54121 59508.5
internal_count=438981 347022 312356 91959 194855 68750 131168 80010 117501 34666 65998 63687 54075 59342
is_linear=0
shrinkage=0.03


Tree=4
num_leaves=15
num_cat=0
split_feature=45 9 24 9 18 79 79 68 9 45 18 68 9 53
split_gain=60.5694 27.7573 9.75124 9.32125 7.4291 6.21691 4.86546 4.27036 3.46684 3.98323 3.41467 3.17501 2.90354 2.86437
threshold=-1.0000000180025095e-35 0.036153299733996398 0.95985001325607311 0.02325099986046553 0.054434999823570258 682.50000000000011 719.50000000000011 0.0027547483332455163 0.022217212244868282 -0.0087842028588056547 0.085744999349117293 0.0070213659200817355 0.050959581509232528 -0.00096311292145401229
decision_type=2 10 10 10 8 8 8 2 10 2 8 2 10 2
left_child=2 3 8 13 6 7 11 -5 -1 -10 -9 -3 -6 -2
right_child=1 4 -4 5 12 -7 -8 10 9 -11 -12 -13 -14 -15
leaf_value=0.00090574656009294232 -6.8675106892873055e-05 -0.00054692066840435975 0.00016939137873544266 -0.00037220275381981985 -0.00094204430277877672 -0.00093973010407731616 -0.0012690804075179468 0.00012708924133246908 0.00075784778606348998 0.00032867312933743684 -0.00048699878663901959 0.00010579232451224327 -0.0015593748626617553 0.00038674235420420246
leaf_weight=24748.5 19119 26104 89385 51700.5 24029 10620.5 6561 43044 32405 48759 10047.5 9024 9621.5 35512
leaf_count=24467 19100 26089 89285 51603 23837 10461 6503 43035 32300 48644 10038 9024 9568 35487
internal_value=5.92275e-06 -0.000307845 0.000400156 -9.54547e-05 -0.000787178 -0.000248268 -0.00051943 -0.000178148 0.000594894 0.000500059 1.08389e-05 -0.000379255 -0.00111876 0.00022737
internal_weight=440680 245383 195298 170044 75339.5 115412 41689 104792 105912 81164 53091.5 35128 33650.5 54631
internal_count=439441 244745 194696 169724 75021 115137 41616 104676 105411 80944 53073 35113 33405 54587
is_linear=0
shrinkage=0.03


Tree=5
num_leaves=15
num_cat=0
split_feature=45 18 79 30 54 30 3 19 58 45 63 70 4 51
split_gain=57.8342 21.1755 13.0999 6.9923 5.40325 5.07371 4.47459 6.46586 3.38229 3.11837 3.09568 2.82372 2.81582 2.65694
threshold=-1.0000000180025095e-35 0.095705002546310439 719.50000000000011 0.55075001716613781 0.0028891273541375999 0.36675000190734869 -0.00040950000402517611 0.20564999431371692 0.011911304201930763 0.0046153627336025247 0.9725758731365205 0.017107385210692886 3.2559504508972172 0.027207926847040657
decision_type=2 8 8 10 2 10 10 10 2 2 2 2 10 10
left_child=3 2 4 6 5 -2 7 -1 12 -3 13 -7 -5 -6
right_child=1 9 -4 8 10 11 -8 -9 -10 -11 -12 -13 -14 -15
leaf_value=0.00047902583094915806 -0.00062377343977086436 -0.00050813719668900447 -0.00093107014949788216 0.00098953771275699879 -0.00064629131944547421 -7.4098213062383608e-05 -8.1308661344079694e-05 -3.5758424269807301e-05 0.00025482505993421772 -0.001047161842859437 -0.00090619242429386122 -0.0008746404046729644 0.00039987929823715888 0.00014913300437478238
leaf_weight=91326 24472 13761.5 18653 27396 3966 66019 25633 28909.5 12073 32525.5 2780 4214 9943.5 78378.5
leaf_count=91237 24456 13701 18420 27287 3966 65962 25552 28904 12050 32326 2780 4203 9643 78348
internal_value=-2.00263e-06 -0.000309195 -0.000174434 0.000383037 -9.59275e-05 -0.000251826 0.000278538 0.000355254 0.000691462 -0.000886978 7.75219e-05 -0.00012219 0.000832586 0.000110786
internal_weight=440050 244770 198482 195281 179830 94705 145868 120236 49412.5 46287 85124.5 70233 37339.5 82344.5
internal_count=438835 244162 198135 194673 179715 94621 145693 120141 48980 46027 85094 70165 36930 82314
is_linear=0
shrinkage=0.03


Tree=6
num_leaves=15
num_cat=0
split_feature=9 61 43 18 61 65 68 9 48 54 43 71 24 10
split_gain=28.0176 19.9121 10.5479 7.05405 6.91063 5.27417 4.34748 4.20835 3.6693 5.06444 4.29246 3.19948 3.13105 2.94876
threshold=0.026311482302844528 0.78458413481712352 0.0013132277526892724 0.11545000225305559 0.63180866837501537 0.15124001353979113 0.0053481385111808786 0.040403226390481002 -0.14305747300386426 0.0029316124273464088 0.010223384015262129 -0.0038705707993358369 0.96825000643730175 0.0019808261422440414
decision_type=10 2 2 8 2 10 2 10 10 2 2 2 10 10
left_child=4 2 5 8 12 -2 7 -3 10 -10 -4 -7 -1 -9
right_child=1 6 3 -5 -6 11 -8 13 9 -11 -12 -13 -14 -15
leaf_value=0.00061220855122451779 0.00068962870390424139 -0.00055413472287939617 0.00027809399963153828 -0.00066631058358224756 6.3050920097159922e-05 0.00038697332360253982 -0.00013095656162535207 -0.0014753111686550847 -0.00061541919856369508 -2.9199176806392168e-05 -0.00037372602073145551 -3.0388316989996451e-05 0.00026598774337988247 -0.00069859905290225956
leaf_weight=62055 17088 36285.5 33350.5 24398.5 55306 24533.5 13142.5 9574 22023.5 33334.5 12495.5 50655.5 37864 8165.5
leaf_count=61643 17024 36102 33324 24315 55225 24511 13124 9521 21969 33307 12467 50604 37791 8126
internal_value=7.81326e-06 -0.000168789 -2.95674e-05 -0.000208478 0.000332112 0.000213954 -0.000620365 -0.000739399 -9.80747e-05 -0.000262454 0.000100417 0.00010581 0.000481029 -0.00111809
internal_weight=440272 285047 217880 125602 155225 92277 67167.5 54025 101204 55358 45846 75189 99919 17739.5
internal_count=439053 284394 217521 125382 154659 92139 66873 53749 101067 55276 45791 75115 99434 17647
is_linear=0
shrinkage=0.03


Tree=7
num_leaves=15
num_cat=0
split_feature=45 79 21 24 19 19 54 8 13 57 61 11 21 54
split_gain=52.1414 20.4287 11.479 7.56187 7.05497 5.21392 4.544 4.50917 4.24537 4.17807 3.17999 3.45136 3.00589 2.97537
threshold=-1.0000000180025095e-35 636.50000000000011 0.32995000481605535 1.0214999914169314 0.18865000456571582 0.29414999485015875 0.00017627525085117671 0.0013754999963566663 0.52942556142807018 0.0028723439900204544 0.18574251979589465 0.2091971039772034 0.17445000261068347 0.0012980613391846421
decision_type=2 8 8 10 8 10 2 8 8 2 2 10 10 2
left_child=3 2 6 5 13 7 -2 -1 9 10 -9 -12 -3 -4
right_child=1 12 4 -5 -6 -7 -8 8 -10 -11 11 -13 -14 -15
leaf_value=0.00021693376081477405 -0.00038094695429755375 -0.00042479656963117704 -0.00061334722014691793 0.00014349987891362436 -0.00084070898608105884 -6.3258207112502112e-05 6.5568470093028502e-05 0.0010934594822216762 0.0012333017859815958 0.00014475187669560141 0.00038073281963451629 0.00095234534848296303 -0.001193599312154018 -0.00011265412887576349
leaf_weight=22539 25196 5731.5 15058 78538 29310 12173 110236.5 15300 11399.5 13978 26377.5 14870 22866 36734.5
leaf_count=22066 25147 5718 15011 78455 29153 12172 110190 15288 11391 13977 26369 14854 22570 36719
internal_value=5.21438e-06 -0.000286087 -0.000186547 0.000371076 -0.000468799 0.000524302 -1.75127e-05 0.000592769 0.000696149 0.000609244 0.000724039 0.000586893 -0.00103962 -0.000258269
internal_weight=440308 245132 216535 195175 81102.5 116637 135432 104464 81925 70525.5 56547.5 41247.5 28597.5 51792.5
internal_count=439080 244508 216220 194572 80883 116117 135337 103945 81879 70488 56511 41223 28288 51730
is_linear=0
shrinkage=0.03


Tree=8
num_leaves=15
num_cat=0
split_feature=9 56 56 60 79 43 9 54 63 71 19 3 54 71
split_gain=25.5355 12.1169 11.5459 9.4229 8.29709 6.46274 5.28146 4.58933 4.08072 3.931 3.77006 4.5454 3.45782 4.15909
threshold=0.036153299733996398 0.0015009400085546078 0.00093255107640288781 0.8883824646472932 814.50000000000011 0.011189954355359079 0.023357570171356205 0.0090184793807566183 0.046621147543191917 -0.004500520881265401 0.17535000294446948 -0.0014385000104084609 0.0028891273541375999 -0.0055157917086035005
decision_type=10 2 2 2 8 2 10 2 2 2 8 10 2 2
left_child=1 5 3 8 6 10 -3 9 -2 -4 11 -1 13 -8
right_child=2 4 7 -5 -6 -7 12 -9 -10 -11 -12 -13 -14 -15
leaf_value=0.00052992979386517168 0.00080516529685248979 0.00028106609087868181 -0.00027173676665364987 -0.00079187013186077519 -0.00092366557848120939 -0.00037960958547546048 0.00034080962961252403 0.00034624624203644756 -7.459094565760035e-06 -0.00086094448380936094 8.1960215048382606e-05 0.00011905183597215227 0.00011650815268116893 -0.00041100671459403802
leaf_weight=101210.5 6234 39660.5 13365 13809 9479 11392 7843.5 3871 51222.5 42985 35084.5 31864 29264.5 42418.5
leaf_count=101035 6217 39613 13343 13756 9336 11359 7834 3870 51190 42771 35053 31486 29258 42338
internal_value=3.22321e-06 0.000152546 -0.000346795 -8.83616e-05 -6.96566e-05 0.000311773 -1.70092e-06 -0.000652593 8.07726e-05 -0.000721234 0.000358621 0.000431555 -0.000142728 -0.000293662
internal_weight=439704 308217 131486 71265.5 128666 179551 119187 60221 57456.5 56350 168159 133074 79526.5 50262
internal_count=438459 307312 131147 71163 128379 178933 119043 59984 57407 56114 167574 132521 79430 50172
is_linear=0
shrinkage=0.03


Tree=9
num_leaves=15
num_cat=0
split_feature=45 9 24 9 19 54 54 6 19 16 45 49 55 52
split_gain=46.3176 20.8015 8.15759 7.78201 5.07423 5.01707 3.72813 3.0739 3.70372 2.85665 2.85485 2.73793 2.71484 2.63178
threshold=-1.0000000180025095e-35 0.03660408407449723 0.95985001325607311 0.022434646263718609 0.16324999928474429 0.0023166895844042306 0.0033186911605298523 -0.0019754999084398146 0.27975000441074377 0.15294999629259112 -0.0033712225267663594 0.095487292855978026 0.45473174750804907 4.0177409648895273
decision_type=2 10 8 10 8 2 2 10 10 8 2 10 2 8
left_child=2 3 7 12 6 9 -3 8 10 -5 -1 -4 -2 -6
right_child=1 4 11 5 13 -7 -8 -9 -10 -11 -12 -13 -14 -15
leaf_value=0.00081170509154190776 -5.4184791644867825e-05 -0.00076589349284246944 0.00046489465028543069 -0.00030795176162466025 -0.00092455883368338667 -5.0166333310191724e-05 -0.00019006329822668345 0.00017169437303856969 0.0001038217772855023 -0.0008007087097815891 0.00040005950733326288 6.1282894391400256e-05 0.00041227052438042575 -0.002161362114501391
leaf_weight=49924 18405.5 20496.5 18917 42387.5 30079.5 69244 19990.5 17729 11371.5 14115.5 21799.5 75421 28794 1631
leaf_count=49823 18389 20417 18860 42258 29911 69173 19961 17334 11371 14032 21787 75366 28770 1622
internal_value=-2.08336e-06 -0.00027662 0.000342762 -9.80611e-05 -0.000704314 -0.00022135 -0.000481635 0.00053037 0.000606881 -0.000431112 0.000686627 0.000142237 0.000230389 -0.000988503
internal_weight=440306 245144 195162 172946 72197.5 125747 40487 100824 83095 56503 71723.5 94338 47199.5 31710.5
internal_count=439074 244533 194541 172622 71911 125463 40378 100315 82981 56290 71610 94226 47159 31533
is_linear=0
shrinkage=0.03


Tree=10
num_leaves=15
num_cat=0
split_feature=61 60 30 79 18 18 49 61 79 79 64 19 70 24
split_gain=22.5846 16.1928 9.42093 9.00432 6.70979 6.26984 4.6785 4.06052 3.95455 3.69229 3.58418 3.54982 3.54303 3.30553
threshold=0.74149441719055187 0.80787101387977611 0.55215001106262218 585.50000000000011 0.084375001490116133 0.073584999889135375 0.10211734473705293 0.19383800029754641 745.50000000000011 79.500000000000014 0.86534538865089428 0.17294999957084659 0.021700601093471054 0.74685001373291027
decision_type=2 2 10 8 8 8 10 2 8 8 10 8 2 10
left_child=1 2 6 5 8 -2 -1 -4 10 11 -3 13 -7 -8
right_child=3 4 7 -5 -6 12 9 -9 -10 -11 -12 -13 -14 -15
leaf_value=0.00048810769431038565 -0.00012199187957615976 0.00010623808306939359 0.0010471045166533714 -0.0010760929095519763 -0.00081626151224930491 -0.00053015342798898302 0.00054291223325130574 0.00043841136244063272 -0.00081517778507450469 -0.00025588013348106767 -0.00060710650500957501 -0.00011550275748885107 -0.0015891284380670952 0.00013508813578234007
leaf_weight=28859 74620 36840 12340.5 13916 16285 22901 22892 49159 6374.5 25749.5 7651.5 37606 3244 81775.5
leaf_count=28765 74534 36808 12202 13739 16195 22804 22869 48873 6326 25679 7639 37589 3218 81739
internal_value=1.11813e-06 0.000128658 0.000236523 -0.000360905 -0.000286367 -0.000262086 0.000135271 0.000560627 -0.000116656 7.46566e-05 -1.6495e-05 0.000134486 -0.000661827 0.000224306
internal_weight=440214 325532 258382 114681 67151 100765 196882 61499.5 50866 168023 44491.5 142274 26145 104668
internal_count=438979 324684 257716 114295 66968 100556 196641 61075 50773 167876 44447 142197 26022 104608
is_linear=0
shrinkage=0.03


Tree=11
num_leaves=15
num_cat=0
split_feature=45 9 24 79 16 79 9 54 22 23 46 9 46 11
split_gain=41.0087 20.3231 8.20973 7.68958 6.08865 5.9749 4.78368 4.52559 3.20232 3.2078 3.15775 3.09783 3.5587 3.20765
threshold=-1.0000000180025095e-35 0.034038363024592407 0.95985001325607311 719.50000000000011 0.096145000308752074 71.500000000000014 0.021326591260731224 0.0028891273541375999 0.84714999794960033 0.59325000643730175 0.81904259324073803 0.02167436666786671 0.98859539628028881 -0.04604933783411979
decision_type=2 10 10 8 8 8 10 2 10 10 10 10 10 8
left_child=2 5 11 4 -3 6 -2 -8 9 -4 -6 -1 13 -13
right_child=1 3 8 -5 10 -7 7 -9 -10 -11 -12 12 -14 -15
leaf_value=0.00080025667238124492 0.00031516387793685584 -0.00025475419350370296 -0.00056985817569386833 -0.0012392442953256099 -0.00070314907792028614 -0.00054016253574912178 -0.0002830264542154816 0.00012039429324759027 0.00047956017894668193 7.9304797363816777e-05 -0.0016593525556476195 0.00016062756312159012 0.001107797119833733 0.00054676973271908702
leaf_weight=22287.5 33670.5 39890 7642 15625 30993 20848.5 54512 46261 16039.5 65793.5 3454 39968.5 5967.5 37558
leaf_count=22018 33644 39867 7635 15467 30854 20698 54432 46247 16010 65722 3431 39898 5949 37415
internal_value=-1.72738e-05 -0.000275543 0.000307126 -0.00063433 -0.000507107 -6.76804e-05 5.60594e-06 -9.78348e-05 9.5605e-05 1.1716e-05 -0.000799254 0.000486028 0.000402106 0.000347719
internal_weight=440510 245254 195256 89962 74337 155292 134444 100773 89475 73435.5 34447 105782 83494 77526.5
internal_count=439287 244640 194647 89619 74152 155021 134323 100679 89367 73357 34285 105280 83262 77313
is_linear=0
shrinkage=0.03


Tree=12
num_leaves=15
num_cat=0
split_feature=45 9 9 79 68 17 6 19 21 9 64 20 71 45
split_gain=42.5159 19.0396 7.31078 5.65902 5.05523 4.85469 4.70892 5.75391 4.0715 3.88587 3.67312 3.31092 3.07832 2.87082
threshold=0.00076097896089777361 0.038104722276330001 0.021326591260731224 625.50000000000011 0.002963530365377665 52.045000076293952 -0.0006055000121705233 0.17044999450445178 0.42305000126361852 0.050959581509232528 0.86534538865089428 -0.10435000061988829 0.0028284916188567881 -0.0040480610914528361
decision_type=2 10 10 8 2 8 10 10 10 10 10 8 2 2
left_child=6 2 -2 4 -4 -3 7 8 12 -7 -5 -6 -1 -14
right_child=1 5 3 10 11 9 -8 -9 -10 -11 -12 -13 13 -15
leaf_value=0.00061145642132453106 0.00027726670695507746 -0.00044253423482439882 -0.0003389913921825247 -0.0005765679371455408 0.00023276491504262356 -0.00076471559289427546 -2.4971705293667689e-05 8.4740637283441532e-05 6.6064539519242931e-05 -0.0014739005371417575 -0.0019021396156232073 -0.00022277809241752865 0.00050632837746474805 -0.00023535535148726128
leaf_weight=94256.5 34170 27592 62876 10338 35184.5 22625.5 31625 46434.5 18977.5 10053 2297.5 24253 11196.5 8084.5
leaf_count=93965 34145 27538 62745 10214 35173 22491 31344 46420 18971 10008 2245 24237 11179 8077
internal_value=4.69155e-06 -0.000277862 -0.000114691 -0.000213943 -0.000151485 -0.000735672 0.00031249 0.000372128 0.000472824 -0.000983077 -0.000818252 4.68811e-05 0.000540807 0.000195361
internal_weight=439964 229390 169119 134949 122314 60270.5 210574 178950 132515 32678.5 12635.5 59437.5 113538 19281
internal_count=438752 228796 168759 134614 122155 60037 209956 178612 132192 32499 12459 59410 113221 19256
is_linear=0
shrinkage=0.03


Tree=13
num_leaves=15
num_cat=0
split_feature=45 9 9 24 17 46 19 13 68 0 49 68 6 45
split_gain=38.2815 18.3074 7.07567 6.41474 5.26172 4.89328 3.99293 3.51296 3.47393 3.18947 3.12747 3.04052 2.95686 2.9144
threshold=-1.0000000180025095e-35 0.03660408407449723 0.022325936704874042 1.0214999914169314 52.305000305175788 0.77439305186271679 0.19135000556707385 0.39367164671421057 0.0060107486788183459 -0.024784499779343602 0.76279845833778392 0.012853709980845453 0.005418499931693078 -0.030996825546026226
decision_type=2 10 10 10 8 10 8 8 2 10 10 2 8 2
left_child=3 2 -2 6 11 8 9 12 -4 -1 -7 -3 -6 -8
right_child=1 4 5 -5 7 10 13 -9 -10 -11 -12 -13 -14 -15
leaf_value=0.00065828083861336703 0.00023761608298251123 -0.00047294784577059672 -0.00019632774970091525 0.00010507299930713829 -0.00023627388533195052 -0.0010855111026857199 0.0014218149768939195 -0.00036251891531385752 0.00026042644047551469 0.00022841984160395582 -0.00028700115177833317 0.00045791741243254798 -0.0011560679596668041 8.5330455197903443e-05
leaf_weight=66822.5 46130.5 30294.5 90881.5 78390 3580 8246 1544.5 8805.5 17941 20249 9504.5 3521.5 26090 28099.5
leaf_count=66777 46091 30234 90707 78303 3409 8192 1540 8772 17928 19780 9468 3519 26073 28085
internal_value=1.4522e-06 -0.000248233 -8.0443e-05 0.000314981 -0.000649047 -0.000196367 0.000455952 -0.000888986 -0.000121017 0.000558333 -0.00065815 -0.000375957 -0.00104514 0.000155191
internal_weight=440100 244995 172704 195106 72291.5 126573 116716 38475.5 108822 87071.5 17750.5 33816 29670 29644
internal_count=438878 244393 172386 194485 72007 126295 116182 38254 108635 86557 17660 33753 29482 29625
is_linear=0
shrinkage=0.03


Tree=14
num_leaves=15
num_cat=0
split_feature=45 18 13 30 21 3 12 54 21 63 70 71 0 51
split_gain=35.9486 12.9498 6.42438 5.85776 4.37879 4.08509 4.50212 3.88834 3.43927 3.19678 2.89982 2.89447 2.54156 2.78763
threshold=-1.0000000180025095e-35 0.09271500259637834 0.26272976398468023 0.54794999957084667 0.88060000538826 -0.0014385000104084609 0.38772177696228033 0.0029829934937879448 0.26815000176429754 0.29386860132217413 0.015353356022387745 0.0054109736811369666 0.0013515000464394691 0.22418230772018435
decision_type=2 8 10 10 10 10 10 2 8 2 2 2 10 10
left_child=3 2 7 5 12 6 -1 8 -2 -5 -4 -11 13 -3
right_child=1 4 10 9 -6 -7 -8 -9 -10 11 -12 -13 -14 -15
leaf_value=0.0003957915946866647 -0.00022105019862592713 -0.00057739530570728747 9.86429623331835e-05 0.00086362368871156575 -0.0027140366853280898 -0.00012625348502995088 -1.9079794476854047e-05 -9.6035749225078569e-05 -0.00068097114049223411 0.00045640906343231307 -0.00053173522577178146 -0.00074116368256534483 6.3275385107040637e-05 -0.0011397334744881469
leaf_weight=84096.5 28245.5 32622 82935.5 20692.5 935.5 27580.5 32692 48380 30375 28302 7127.5 1936.5 4145.5 10492
leaf_count=84036 28195 32553 82832 20453 935 27482 32674 48335 30246 28108 7105 1934 3972 10463
internal_value=-3.96619e-06 -0.000245788 -0.000137975 0.000299713 -0.000686564 0.000202114 0.000279663 -0.000295119 -0.000459402 0.00057632 4.87287e-05 0.000379606 -0.000646147 -0.000714359
internal_weight=440558 245258 197064 195300 48195 144369 116788 107000 58620.5 50931 90063 30238.5 47259.5 43114
internal_count=439323 244636 196713 194687 47923 144192 116710 106776 58441 50495 89937 30042 46988 43016
is_linear=0
shrinkage=0.03


Tree=15
num_leaves=15
num_cat=0
split_feature=45 9 19 24 9 19 6 11 30 46 46 33 14 39
split_gain=32.979 17.3026 6.63618 6.10874 4.57717 4.06125 3.33151 3.17577 3.39926 3.02005 2.89596 2.75391 2.6659 2.63417
threshold=-0.00036700777127407486 0.031662406399846084 0.16324999928474429 0.95985001325607311 0.021210201084613804 0.28925000131130224 -0.0013724999735131858 0.09184467047452928 0.60565000772476207 0.52627429366111766 0.70760902762413036 0.0096105001866817492 -0.10494999960064887 0.16640000045299533
decision_type=2 10 8 8 8 10 10 10 8 10 10 10 8 8
left_child=3 4 7 5 -2 6 -1 8 -3 -4 11 -6 -11 -12
right_child=1 2 9 -5 10 -7 -8 -9 -10 12 13 -13 -14 -15
leaf_value=0.00061012927644068398 0.00027233591101135252 -0.00034851286849177295 -0.00061552610901307767 0.00011620393742287516 -0.00011188162386951481 -8.4884255869053873e-05 0.00011629778788324054 -6.1381722019247003e-05 -0.0010331919910852971 0.001630872757229924 -0.00038848614791435514 0.00036738616973795523 -0.0011899809051606459 -0.002602764252837736
leaf_weight=71843.5 37686 32194 29437.5 92275 69100 11056.5 14836.5 25819 8184 303.5 18804.5 12782 15121.5 491.5
leaf_count=71676 37650 32098 29312 92164 69008 11055 14487 25756 8166 303 18727 12767 15019 486
internal_value=-6.61201e-06 -0.000233091 -0.000512202 0.000291276 -9.85607e-06 0.000456551 0.000525615 -0.000321255 -0.000487398 -0.000793888 -0.000114973 -3.70488e-05 -0.00113397 -0.000445547
internal_weight=439935 249924 111060 190012 138864 97736.5 86680 66197 40378 44862.5 101178 81882 15425 19296
internal_count=438674 249292 110654 189382 138638 97218 86163 66020 40264 44634 100988 81775 15322 19213
is_linear=0
shrinkage=0.03


Tree=16
num_leaves=15
num_cat=0
split_feature=45 79 9 24 16 54 9 51 46 53 45 10 20 64
split_gain=31.8304 16.5391 10.6912 7.19381 4.96743 4.22997 3.5509 3.54663 3.02891 2.9111 2.89513 2.8251 3.21755 4.3474
threshold=-0.0002587288618087768 636.50000000000011 0.03629774414002896 0.95985001325607311 0.096145000308752074 0.00017627525085117671 0.022325936704874042 0.33285437524318701 0.81904259324073803 -0.0024306293344125147 -0.022542664781212803 -0.0035171357449144121 -0.041315000504255288 0.87333279848098766
decision_type=2 8 8 10 8 2 10 10 10 2 2 8 8 10
left_child=3 2 5 9 -4 -2 -7 -5 -6 10 -1 -3 13 -13
right_child=1 11 4 7 8 6 -8 -9 -10 -11 -12 12 -14 -15
leaf_value=0.00096751522783484643 -0.00032477674360585233 -0.0012423961019686633 -0.00021452210623899685 0.00014106146494166831 -0.00065680563102775435 0.00032578947557380695 -2.6077867957381075e-05 -0.00067302116407949575 -0.0016955088511379298 0.00059105021621857676 0.0001753351402146575 -0.00058090542819343237 0.00011774440592028271 -0.0019284900291904232
leaf_weight=4683.5 29870.5 12236 31967 83041.5 25815.5 35700.5 93154 5108 2799 62685 36326.5 10037 3857.5 2741.5
leaf_count=4670 29798 12084 31952 82943 25686 35672 93111 5099 2776 62340 36186 9958 3850 2688
internal_value=2.90358e-06 -0.00022143 -0.000132559 0.000293109 -0.00047159 -3.14861e-06 7.14196e-05 9.38523e-05 -0.000758687 0.000462481 0.000265912 -0.000896334 -0.000641504 -0.000870658
internal_weight=440023 248178 219306 191844 60581.5 158725 128854 88149.5 28614.5 103695 41010 28872 16636 12778.5
internal_count=438813 247575 218995 191238 60414 158581 128783 88042 28462 103196 40856 28580 16496 12646
is_linear=0
shrinkage=0.03


Tree=17
num_leaves=15
num_cat=0
split_feature=45 18 30 10 60 47 45 19 6 63 20 25 63 59
split_gain=28.68 10.7266 6.15768 3.92683 3.96749 4.05024 3.41273 3.21591 4.02261 2.98154 2.78447 2.77627 2.69179 2.82673
threshold=-1.0000000180025095e-35 0.064015001058578505 0.55075001716613781 -0.0087709273211657984 0.89569339156150829 0.15489484369754794 0.0093858130276203173 0.29414999485015875 -0.0017465000273659823 0.51332163810729992 -0.41404999792575831 -0.055609999224543565 0.29386860132217413 2.7489548921585087
decision_type=2 8 10 10 2 10 2 10 10 2 10 10 2 10
left_child=2 3 7 10 5 -5 -3 8 -1 -8 -2 -9 -4 -14
right_child=1 6 12 4 -6 -7 9 11 -10 -11 -12 -13 13 -15
leaf_value=0.00032049497786549019 -0.00096862463155218258 -0.00034110790052284276 0.00083469878695040614 -6.1000663145428549e-05 -0.00044343036962576069 0.00032641116466947036 -0.0012850938818712084 -0.0020249688521962106 -9.309836600776573e-05 -0.00059161723204951612 -0.00022732522395884874 -0.00011727855772237105 0.00050429450579181606 -0.00033770339931229646
leaf_weight=100562.5 5036 40939 20126 68413 15081 37649 7392.5 709.5 26803 22803.5 47912 17596 25075.5 4184
leaf_count=100496 5025 40792 19878 68316 15027 37618 7344 704 26704 22675 47796 17593 24898 4172
internal_value=6.69209e-06 -0.000209251 0.000278175 -8.24145e-05 1.17835e-05 7.65284e-05 -0.000519633 0.00018002 0.000233457 -0.000761577 -0.000297917 -0.000191751 0.000567652 0.000383855
internal_weight=440282 245226 195056 174091 121143 106062 71135 145671 127366 30196 52948 18305.5 49385.5 29259.5
internal_count=439038 244593 194445 173782 120961 105934 70811 145497 127200 30019 52821 18297 48948 29070
is_linear=0
shrinkage=0.03


Tree=18
num_leaves=15
num_cat=0
split_feature=45 9 30 19 9 16 3 19 23 28 30 26 72 64
split_gain=27.1684 13.7005 5.88913 4.64837 4.42884 3.56296 3.45766 4.35 2.9483 2.8861 2.91968 2.70469 2.63541 2.62202
threshold=0.00076097896089777361 0.03660408407449723 0.55215001106262218 0.042245000600814826 0.025040035136044029 0.023404999636113647 -8.1499998486833633e-05 0.18865000456571582 0.51295000314712536 0.67159998416900646 0.6399500072002412 0.24279999732971194 -0.012058732099831103 0.83488404750823986
decision_type=2 10 10 8 10 8 10 10 10 8 10 10 2 10
left_child=2 4 6 9 -2 8 7 -1 -6 -3 -11 12 -9 -7
right_child=1 3 -4 -5 5 13 -8 11 -10 10 -12 -13 -14 -15
leaf_value=0.000324193764742172 0.00011842751990970045 -0.00064203501839950089 0.00052309100522910398 -0.00077926465583488564 -0.00086541299225704809 -0.00025389473012970122 -0.00015102745677325095 -0.0022794274591542633 8.0410900971326229e-05 7.9290251191382712e-05 -0.0016284941900506918 0.0010868026956604301 -9.7233657134450068e-05 -0.00076622739789729201
leaf_weight=96743 65883 11435 52998.5 41029 3210.5 42061.5 27063.5 501 38246.5 15384.5 952 1723 31915.5 11433
leaf_count=96640 65816 11406 52565 40802 3181 41974 26969 501 38179 15355 952 1721 31910 11364
internal_value=3.66683e-06 -0.000222121 0.00024946 -0.0005764 -7.0558e-05 -0.000201687 0.00015763 0.000221457 7.06917e-06 -0.000276605 -2.06977e-05 -6.96786e-05 -0.000131306 -0.000363453
internal_weight=440580 229635 210944 68800.5 160834 94951.5 157946 130882 41457 27771.5 16336.5 34139.5 32416.5 53494.5
internal_count=439335 229029 210306 68515 160514 94698 157741 130772 41360 27713 16307 34132 32411 53338
is_linear=0
shrinkage=0.03


Tree=19
num_leaves=15
num_cat=0
split_feature=45 79 14 19 24 69 16 20 16 11 47 24 58 58
split_gain=28.4108 13.0088 7.85622 5.77267 5.38445 3.32746 2.85529 2.8276 3.55696 2.98293 2.79975 2.7645 3.2243 2.707
threshold=-0.0002587288618087768 719.50000000000011 0.09311500191688539 0.069184999912977233 0.95985001325607311 0.20185185223817828 0.20705000311136249 -0.061584999784827225 0.20705000311136249 0.31536068022251135 0.10223129764199258 1.4445000290870669 0.01104253623634577 0.011366844177246095
decision_type=2 8 8 10 10 2 10 8 10 8 10 10 2 2
left_child=4 2 3 10 5 -1 -7 8 13 -9 11 -2 -13 -3
right_child=1 7 -4 -5 -6 6 -8 9 -10 -11 -12 12 -14 -15
leaf_value=0.00012763198343333426 -2.9569334869292246e-05 -0.0010728817172305739 -0.00092396046101467927 -0.000263486750967914 9.8025213853247079e-05 0.00059695841691142148 0.0001010869372219778 -0.00073680890828156577 -0.0018198104211632126 0.0005946955832051657 0.00019235649328794342 -0.001245480761332608 0.00018060657681918366 -0.00027090001831526865
leaf_weight=26591 44906 11654.5 10881 99092 88012.5 64667 12468 4539.5 3859.5 2266.5 59219.5 3800.5 2281 5617
leaf_count=26470 44883 11456 10789 98954 87901 64289 12459 4526 3807 2258 59178 3799 2281 5583
internal_value=-3.64723e-06 -0.000215596 -0.000138209 -9.73385e-05 0.000270621 0.000417058 0.000516818 -0.00082537 -0.000996637 -0.000293287 5.2058e-05 -0.000110895 -0.000710886 -0.000812217
internal_weight=439856 248117 220180 209299 191738 103726 77135 27937 21131 6806 110207 50987.5 6081.5 17271.5
internal_count=438633 247514 219884 209095 191119 103218 76748 27630 20846 6784 110141 50963 6080 17039
is_linear=0
shrinkage=0.03


Tree=20
num_leaves=15
num_cat=0
split_feature=45 18 32 24 58 67 56 10 46 70 71 43 44 19
split_gain=25.8853 9.68329 7.59592 5.793 3.8524 3.58696 2.91497 2.83116 2.77991 2.5928 2.76194 2.71763 2.45646 2.45032
threshold=0.00076097896089777361 0.09271500259637834 -0.11840000003576277 0.96825000643730175 0.010723556391894819 -0.0034895522985607381 0.016127504408359531 -0.017967237159609791 0.7619064748287202 -0.0047265738248825065 0.0051915603689849385 0.0064387312158942231 -0.015221380628645418 0.024814999662339691
decision_type=2 8 10 10 2 2 2 8 10 2 2 2 2 10
left_child=3 2 4 5 -2 9 12 -3 -9 11 -11 -1 -4 -14
right_child=1 7 6 -5 -6 -7 -8 8 -10 10 -12 -13 13 -15
leaf_value=0.00077165256479347767 -0.00080101393691023326 -0.001267523713471953 -0.001299883982443312 6.2629667240293615e-05 -0.00019142804596114727 0.00051754423694339166 -0.00045204847207191192 -0.00041832184480704114 -0.0010881806840355476 9.6353274064288642e-05 -0.0011311761089601374 -0.00014398315102203836 0.00016333311412692312 -9.5865265178004627e-05
leaf_weight=10354.5 19412.5 5275 1264.5 94690.5 17969 68598 13314 33866 6674 31276 1736.5 4059 61997.5 69747.5
leaf_count=10292 19218 5224 1261 94573 17921 68274 13292 33704 6612 31140 1735 4056 61958 69707
internal_value=-3.32998e-06 -0.000223743 -0.000126423 0.000236754 -0.000508055 0.000378853 -2.89131e-05 -0.000613912 -0.00052872 0.000178214 3.16221e-05 0.000513839 1.34573e-05 2.61117e-05
internal_weight=440234 229520 183705 210714 37381.5 116024 146324 45815 40540 47426 33012.5 14413.5 133010 131745
internal_count=438967 228897 183357 210070 37139 115497 146218 45540 40316 47223 32875 14348 132926 131665
is_linear=0
shrinkage=0.03


Tree=21
num_leaves=15
num_cat=0
split_feature=45 21 19 24 68 10 23 45 32 19 32 58 12 61
split_gain=22.638 9.21502 5.85346 5.67224 4.72277 4.20147 3.51729 2.9486 3.45013 2.85655 2.80995 3.62779 2.74233 2.61268
threshold=0.00076097896089777361 0.28765000402927404 0.20275000482797625 1.0214999914169314 -4.6148312321747646e-05 -0.0022798085119575258 0.50335001945495617 -0.030996825546026226 -0.063340000808238969 0.15625000000000003 0.11134999990463258 0.011168424040079119 0.40961208939552313 0.80439612269401561
decision_type=2 8 8 10 2 10 10 2 10 10 8 2 10 2
left_child=3 4 10 5 13 7 -6 -1 -9 -10 -3 -12 -7 -2
right_child=1 2 -4 -5 6 12 -8 8 9 -11 11 -13 -14 -15
leaf_value=0.001174152499359365 -0.000185366254874128 -0.00013996530108950362 -0.00067325658205099215 2.7559242093792426e-05 -0.00065178316996457591 0.00061554685667501209 0.00011434678789821548 -0.00031943472161753358 0.000387983751803672 -0.00021673801199542479 -0.00094783044547919291 -0.00013428341512277853 0.00020951549177312487 -0.0010623891959400987
leaf_weight=2390.5 7301 61876 42601 84574 5744 50615.5 87145 13267.5 29067 9269 10109.5 9633.5 21267.5 5257.5
leaf_count=2382 7294 61809 42382 84481 5701 50293 87078 13246 28949 9263 9963 9608 21203 5234
internal_value=-7.18983e-06 -0.000213147 -0.000388224 0.000217573 -6.89304e-06 0.000345233 6.69389e-05 0.000145233 9.74595e-05 0.000241763 -0.000239419 -0.000550999 0.00049544 -0.0005528
internal_weight=440118 229668 124220 210451 105448 125877 92889 53994 51603.5 38336 81619 19743 71883 12558.5
internal_count=438886 229069 123762 209817 105307 125336 92779 53840 51458 38212 81380 19571 71496 12528
is_linear=0
shrinkage=0.03


Tree=22
num_leaves=15
num_cat=0
split_feature=45 9 79 19 19 19 34 2 23 64 13 11 69 20
split_gain=21.5258 15.041 6.51727 4.6983 4.57341 4.32771 3.51971 3.51928 2.96073 2.94441 2.81319 2.81306 2.79892 2.79876
threshold=-0.0002587288618087768 0.040826991200447089 669.50000000000011 0.064254999160766615 0.29934999346733099 0.18865000456571582 0.010800000280141832 -1.0000000180025095e-35 0.49324999749660497 0.86534538865089428 0.23958677053451541 0.30815729498863226 0.10791925340890886 -0.26915000379085535
decision_type=2 10 8 8 10 8 10 10 10 10 8 8 2 10
left_child=4 2 3 8 7 -3 -6 11 -2 -4 -5 12 -1 -14
right_child=1 5 9 10 6 -7 -8 -9 -10 -11 -12 -13 13 -15
leaf_value=-0.0001195400560528752 -0.00067791406645828966 -0.0004143055029836015 -0.00044974084849151285 -0.00035075534089195183 -4.50346295899351e-05 -0.00097839600960999409 -0.0012301649383572779 1.1824873400772618e-06 0.00016358277042773537 -0.0014849491207704311 -1.1382834732721719e-05 0.00056396287221014221 4.4131968589911105e-05 0.00043200452229087303
leaf_weight=14707.5 3925 28328 14968.5 43267.5 17528 21567.5 2583.5 32822.5 88621 2959.5 44683 38663.5 22843 62704.5
leaf_count=14682 3922 28244 14820 43168 17521 21468 2582 32522 88556 2894 44633 38524 22826 62595
internal_value=-8.22764e-06 -0.000192629 -7.55411e-05 -2.13475e-05 0.000230447 -0.000658209 -0.000197543 0.00028057 0.000127859 -0.000620996 -0.000178349 0.000346579 0.000262721 0.000328443
internal_weight=440172 248320 198424 180496 191852 49895.5 20111.5 171741 92546 17928 87950.5 138918 100255 85547.5
internal_count=438957 247705 197993 180279 191252 49712 20103 171149 92478 17714 87801 138627 100103 85421
is_linear=0
shrinkage=0.03


Tree=23
num_leaves=15
num_cat=0
split_feature=45 79 18 54 30 51 11 67 21 79 10 63 64 50
split_gain=19.7081 10.8484 7.48692 4.40708 4.28476 3.67155 3.3642 3.23652 3.17329 2.72499 2.67959 2.66451 2.62017 2.61821
threshold=0.00076097896089777361 719.50000000000011 0.072444997727870955 0.0032365517690777783 0.55215001106262218 0.36779321730136877 0.61064091324806224 0.010761141311377289 0.39315000176429754 2.5000000000000004 -0.0036700578639283772 0.28265455365180975 0.69802951812744152 -0.017539664171636101
decision_type=2 8 8 2 10 8 8 2 10 10 8 2 10 2
left_child=4 2 3 8 6 -4 13 9 -2 -7 -3 12 -6 -1
right_child=1 10 5 -5 11 7 -8 -9 -10 -11 -12 -13 -14 -15
leaf_value=0.0015742287293511012 -7.9658972293876801e-05 -0.0011289306853628355 -0.00034448056386571853 0.00016684372501833561 0.00089449544249679694 0.00027443932880009714 0.0005059989301734938 0.0011795788926060174 -0.0005830857645718274 -0.0016415994221140981 -0.0005104700485548746 0.00027604129788080063 5.8261245621902473e-05 6.761826472913285e-05
leaf_weight=1041 73104 10933 44633 67044.5 15703 781.5 18850.5 489.5 13318 4543.5 14924 32988.5 4295 137962.5
leaf_count=1035 73052 10777 44474 67017 15507 765 18796 488 13300 4516 14782 32778 4261 137811
internal_value=-1.12033e-06 -0.000193315 -0.000119901 -1.56736e-05 0.00020833 -0.000436938 0.000129968 -0.00114575 -0.000157268 -0.00136041 -0.000772139 0.000441747 0.000714956 7.89575e-05
internal_weight=440612 229771 203914 153466 210840 50447.5 157854 5814.5 86422 5325 25857 52986.5 19998 139004
internal_count=439359 229171 203612 153369 210188 50243 157642 5769 86352 5281 25559 52546 19768 138846
is_linear=0
shrinkage=0.03


Tree=24
num_leaves=15
num_cat=0
split_feature=45 21 54 24 18 23 24 46 21 6 16 70 18 22
split_gain=18.0826 9.64859 5.31024 4.94523 4.40522 3.19428 3.1585 3.01725 3.01141 2.94225 2.78969 2.98547 2.74166 2.86212
threshold=-0.0002587288618087768 0.28765000402927404 0.0034361907746642832 0.95985001325607311 0.12685000151395801 0.52265000343322765 0.75865000486373912 0.85410633683204662 0.46725000441074377 -0.0014004999538883565 0.090865001082420363 -0.004629412665963172 0.064015001058578505 0.58434998989105236
decision_type=2 8 2 8 10 8 10 10 10 10 10 2 10 10
left_child=3 5 4 9 -3 -2 7 -4 -8 10 11 -1 13 -7
right_child=1 2 6 -5 -6 12 8 -9 -10 -11 -12 -13 -14 -15
leaf_value=0.00084835184464683892 -0.00053162528295258625 -0.00041631894324626982 -0.00035311047594514935 6.3044946052939657e-05 -0.0010711210841981647 2.2511041226620281e-05 0.00017422025506422158 -0.0017947760600391194 -0.00038745453881261868 -9.0292193595064362e-06 0.00022149439954406296 0.00038166712388566429 -0.00023554811299123107 0.00038297310917321864
leaf_weight=21289 8385.5 62664 15729.5 93291.5 10846.5 56065 29508.5 1420.5 12113.5 15700.5 32437.5 29367.5 20527 30665.5
leaf_count=21223 8331 62382 15710 93178 10762 56025 29462 1416 12077 15352 32411 29294 20511 30635
internal_value=1.20669e-06 -0.000168072 -0.000343052 0.000219694 -0.000513002 3.20913e-05 -0.000130459 -0.000473009 1.07258e-05 0.000367607 0.000438768 0.000577861 7.6186e-05 0.000149975
internal_weight=440012 247926 132282 192086 73510.5 115643 58772 17150 41622 98794.5 83094 50656.5 107258 86730.5
internal_count=438769 247311 131809 191458 73144 115502 58665 17126 41539 98280 82928 50517 107171 86660
is_linear=0
shrinkage=0.03


Tree=25
num_leaves=15
num_cat=0
split_feature=45 9 54 9 54 24 46 9 4 46 59 8 27 24
split_gain=19.4503 10.8421 5.39552 6.0509 4.97928 4.32488 3.87844 2.68693 2.81782 2.74101 2.36079 2.30187 2.48904 2.86927
threshold=-0.0002587288618087768 0.040826991200447089 0.0028891273541375999 0.024446758441627029 0.0092781968414783495 0.95985001325607311 0.873822182416916 0.022217212244868282 3.7161024808883671 0.98859539628028881 2.8258799314498906 0.0020595000823959713 15.625000000000002 1.5515000224113467
decision_type=2 10 2 10 2 10 10 10 10 10 10 10 10 10
left_child=5 2 3 -2 11 7 -4 8 10 -9 -1 12 13 -3
right_child=1 4 6 -5 -6 -7 -8 9 -10 -11 -12 -13 -14 -15
leaf_value=0.00091870930637222574 8.1683707028237467e-05 -0.00078837090585221229 0.00016111777797873421 -0.00038411142725423608 0.00031514430632820483 7.9822630604643139e-05 -0.00054706707480525415 0.00023301510023240882 -4.2930593898192178e-05 0.00091410455699807516 -0.00011070684605914324 0.000371740003608353 -0.00052135865390353709 -0.0017343040476390239
leaf_weight=17249 39776.5 13729 83068 68014 5188 88053.5 7591.5 73865 4378.5 5726.5 2267.5 1839 25302 3657.5
leaf_count=17159 39743 13684 82996 67702 5182 87943 7574 73676 4198 5707 2254 1795 25238 3641
internal_value=7.26096e-06 -0.00016803 -6.87744e-05 -0.000212229 -0.000564181 0.000234372 0.00010179 0.000365862 0.000644839 0.000282073 0.00079911 -0.000666657 -0.000711429 -0.000987803
internal_weight=439706 248166 198450 107790 49715.5 191540 90659.5 103486 23895 79591.5 19516.5 44527.5 42688.5 17386.5
internal_count=438492 247555 198015 107445 49540 190937 90570 102994 23611 79383 19413 44358 42563 17325
is_linear=0
shrinkage=0.03


Tree=26
num_leaves=15
num_cat=0
split_feature=45 79 18 55 30 70 21 21 10 58 70 52 20 58
split_gain=17.4491 9.63258 7.4582 4.24918 4.16707 3.2454 3.05527 2.87704 2.88998 2.65443 3.04736 2.63462 2.54796 2.6468
threshold=-0.00036700777127407486 636.50000000000011 0.11545000225305559 0.47651778161525732 0.53264999389648449 0.0057019838131964215 0.96384999155998241 0.56964999437332164 -0.0036700578639283772 0.011911304201930763 -0.01737828645855188 3.7361736297607426 -0.037204999476671212 0.010657338425517084
decision_type=2 8 8 2 10 2 10 10 8 2 2 8 8 2
left_child=4 2 3 5 -1 -2 11 8 -3 -6 -11 -4 13 -10
right_child=1 7 6 -5 9 -7 -8 -9 12 10 -12 -13 -14 -15
leaf_value=0.00011311685370200693 -5.964893520865197e-05 -0.00095109458572465604 -0.00045861691581803232 8.2274336729760305e-05 0.00053809117392604152 -0.00044312957725738524 -0.0033669869109427268 -0.0014513600542451852 -0.000909431600651242 0.0013371523348361361 -9.0041346503135864e-05 -0.0016920490949621115 0.00040534477270151912 2.9765317910720617e-05
leaf_weight=133419 53829 10558 25758.5 107712 42617 31473 342 3869.5 6538 1503 12567 1655 3503.5 4598
leaf_count=133280 53785 10416 25598 107668 42182 31417 342 3828 6447 1500 12540 1635 3493 4573
internal_value=-1.19102e-05 -0.000176717 -0.000109117 -4.29887e-05 0.000204678 -0.000201156 -0.000568892 -0.000690044 -0.000572866 0.000420147 6.28367e-05 -0.000533376 -0.000299857 -0.000521802
internal_weight=439942 249836 220770 193014 190106 85302 27755.5 29067 25197.5 56687 14070 27413.5 14639.5 11136
internal_count=438704 249202 220445 192870 189502 85202 27575 28757 24929 56222 14040 27233 14513 11020
is_linear=0
shrinkage=0.03


Tree=27
num_leaves=15
num_cat=0
split_feature=45 79 9 66 54 24 60 24 9 79 1 48 28 49
split_gain=16.6148 10.7319 6.09159 5.25652 5.21276 4.27042 3.87179 3.17484 3.03458 2.92326 2.68214 2.34483 2.22826 2.2153
threshold=0.00076097896089777361 707.50000000000011 0.02424431033432484 0.96528196334838878 0.0028891273541375999 1.0065000057220461 0.80787101387977611 0.55364999175071727 0.022325936704874042 77.500000000000014 0.0011454999912530186 -0.4011439830064773 0.88389998674392711 0.20409210026264193
decision_type=2 8 10 8 2 10 2 10 10 8 10 8 8 10
left_child=5 2 -2 4 10 6 8 -6 -1 -7 -4 -8 -3 -11
right_child=1 12 3 -5 7 9 11 -9 -10 13 -12 -13 -14 -15
leaf_value=0.00064564740292031176 0.00016340010335869477 -0.00091864201480446105 -0.000434273839782524 -0.00094653817175382885 -0.00050257147134663669 0.00010090626111089552 0.00024899116398934863 8.9427931676579631e-05 0.00027709834337379206 8.6119024712304516e-05 8.3420900921253084e-05 -0.00045848876896261944 -0.00027905745706083973 -0.00071942457731865477
leaf_weight=26936.5 55005 19229 57025 8151.5 9352 74543.5 8112.5 63361.5 79337 5185 10694.5 8768.5 6587 7533
leaf_count=26640 54976 18954 56972 8048 9349 74455 8091 63332 79128 5179 10609 8758 6569 7528
internal_value=-2.7856e-06 -0.000179375 -0.000106298 -0.000206141 -0.000163132 0.00018974 0.0003035 1.3259e-05 0.000370538 2.9179e-05 -0.000352518 -0.000118522 -0.000755536 -0.000391108
internal_weight=439822 229406 203590 148584 140433 210416 123154 72713.5 106274 87261.5 67719.5 16881 25816 12718
internal_count=438588 228809 203286 148310 140262 209779 122617 72681 105768 87162 67581 16849 25523 12707
is_linear=0
shrinkage=0.03


Tree=28
num_leaves=15
num_cat=0
split_feature=9 9 61 61 12 54 64 16 18 63 27 72 59 27
split_gain=12.9244 5.82117 5.78821 4.22134 4.1281 3.79796 3.00501 2.82794 2.7627 2.6227 2.45358 2.71849 2.39305 2.51426
threshold=0.036153299733996398 0.021559095010161403 0.80855220556259166 0.58079707622528087 0.49532517790794378 0.0028891273541375999 0.81584453582763683 -0.021185000427067276 0.15534999966621402 0.2981210350990296 19.780000686645511 0.011762933339923622 2.5889877080917363 13.515000343322756
decision_type=10 10 2 2 10 2 10 8 10 2 10 2 10 8
left_child=1 12 4 6 7 10 9 -2 -6 -3 -5 -12 13 -1
right_child=2 3 -4 5 8 -7 -8 -9 -10 -11 11 -13 -14 -15
leaf_value=0.0002450857344379501 0.00018142857905538217 0.00036973244821550882 -0.00060838266332800741 -0.00031952661833791504 -0.00038954643128860856 0.00013167889271661836 -0.00020259080986563023 -0.00018230000411135851 -0.001411638299380621 8.1143652933226833e-05 0.00015863544563012898 0.0030682060152371782 -0.00013952521515994302 0.00062436175019141098
leaf_weight=37945 30400.5 48200.5 30735.5 56267.5 15067 35797.5 19452 52374 2823.5 68791.5 6278 298 8267 26878.5
leaf_count=37738 30386 48007 30576 56069 15038 35761 19407 52272 2809 68699 6278 298 8227 26793
internal_value=1.04085e-06 0.000107261 -0.000248074 3.45569e-05 -0.000138038 -0.000114954 0.000142645 -4.87109e-05 -0.000551204 0.000200052 -0.000255443 0.000292717 0.000341086 0.000402385
internal_weight=439576 308176 131400 235085 100665 98641 136444 82774.5 17890.5 116992 62843.5 6576 73090.5 64823.5
internal_count=438358 307277 131081 234519 100505 98406 136113 82658 17847 116706 62645 6576 72758 64531
is_linear=0
shrinkage=0.03


Tree=29
num_leaves=15
num_cat=0
split_feature=45 9 79 24 54 24 23 9 21 60 54 59 23 56
split_gain=14.4089 11.3963 7.51044 3.91134 3.46395 4.07601 3.03044 3.08307 2.74498 2.57377 2.54681 2.39031 2.27912 2.25242
threshold=-0.0016389462980441747 0.02464849874377251 719.50000000000011 0.77095001935958873 0.00295763579197228 0.54315000772476207 0.63455000519752514 0.026510452851653103 0.56964999437332164 0.74523764848709118 0.010303733404725792 3.1353917121887211 0.62494999170303356 -0.019097465090453621
decision_type=2 10 8 8 2 10 8 10 10 2 2 10 8 2
left_child=3 12 4 9 -3 -6 -5 11 -4 -1 -10 -8 -2 -7
right_child=1 2 8 6 5 13 7 -9 10 -11 -12 -13 -14 -15
leaf_value=0.00053600731906472973 -0.00021929197424143114 -0.0003124597841818461 -0.0006025242939373494 -0.00028726594257767572 -0.00057652909931618949 -0.0016966389574460717 0.00051245044300176159 7.2695367314212027e-05 -0.0016582998223636338 9.4992499457139792e-06 0.0017513290063093522 -0.00039598579835808885 0.00024422649017047257 5.9501038867531913e-05
leaf_weight=43755 11130 85853 21101.5 14003.5 11029 658.5 28654 70189 3634.5 10328.5 204.5 2864 66985 70534.5
leaf_count=43475 11094 85618 20878 13982 11013 657 28483 70103 3593 10305 203 2857 66918 70500
internal_value=8.16186e-06 -0.000127552 -0.000251283 0.00022487 -0.000179183 -4.00108e-05 0.000126421 0.00018339 -0.000737033 0.000435469 -0.00147463 0.000429852 0.000178174 4.31396e-05
internal_weight=440924 271130 193016 169794 168075 82222 115710 101707 24940.5 54083.5 3839 31518 78115 71193
internal_count=439679 270474 192462 169205 167788 82170 115425 101443 24674 53780 3796 31340 78012 71157
is_linear=0
shrinkage=0.03


Tree=30
num_leaves=15
num_cat=0
split_feature=45 9 79 17 19 1 19 11 24 26 23 9 79 54
split_gain=16.435 8.66922 5.19698 4.36394 4.16622 3.84801 3.34035 2.94971 3.32824 2.87901 2.82377 2.75856 2.65346 2.48974
threshold=0.00076097896089777361 0.03660408407449723 70.500000000000014 52.045000076293952 0.28925000131130224 0.011464499868452551 0.024814999662339691 0.30815729498863226 0.82754999399185192 0.18534999340772632 0.62494999170303356 0.05041198059916497 906.50000000000011 0.009834370110183956
decision_type=2 10 8 8 10 8 8 8 8 10 10 10 10 2
left_child=4 2 6 13 5 -1 10 8 -7 11 -2 -5 -6 -3
right_child=1 3 -4 9 12 7 -8 -9 -10 -11 -12 -13 -14 -15
leaf_value=4.4607322873090877e-06 -0.0003891301952099321 -0.00030625433638408129 -0.00048171634456367331 -0.00066397614069688257 -0.00012987439830402259 0.00042960349282295928 -0.00011426887460463291 0.00053835692687618847 7.9528592405584428e-05 -0.00023865309144637228 0.00026525627487121141 -0.0013527212848336975 -0.0017834698759355942 0.00048805737095434739
leaf_weight=49520 6744 27547 22744.5 20708 22319 42325 82001 37845 57845.5 9739 49214 7011.5 904 4072.5
leaf_count=48932 6736 27487 22566 20569 22310 42304 81904 37828 57835 9703 49177 6969 901 4071
internal_value=-6.93372e-06 -0.00018242 -6.1603e-05 -0.000463466 0.000184392 0.000231329 7.67356e-06 0.000312727 0.00022746 -0.000682524 0.000186363 -0.000838403 -0.000194614 -0.000203888
internal_weight=440540 229782 160704 69078 210758 187536 137959 138016 100170 37458.5 55958 27719.5 23223 31619.5
internal_count=439292 229182 160383 68799 210110 186899 137817 137967 100139 37241 55913 27538 23211 31558
is_linear=0
shrinkage=0.03


Tree=31
num_leaves=15
num_cat=0
split_feature=9 45 45 79 79 20 49 46 6 55 79 9 51 15
split_gain=11.0689 7.99155 5.2779 5.20471 3.54342 3.72367 3.41576 3.32722 3.14417 3.06687 2.90013 2.61348 2.52299 2.5225
threshold=0.036153299733996398 -0.0040480610914528361 0.0004626013978850097 72.500000000000014 694.50000000000011 -0.01930500008165836 0.014289641287177803 0.80313441157341015 -0.0015965000493451951 0.32668702304363256 1.5000000000000002 0.021210201084613804 0.02933005336672068 0.091854996979236617
decision_type=10 2 2 8 8 10 10 10 10 2 8 10 10 8
left_child=2 6 8 11 7 -6 -2 12 9 -1 -11 -4 -3 -14
right_child=1 4 3 -5 5 -7 -8 -9 -10 10 -12 -13 13 -15
leaf_value=5.7107878528222637e-05 0.0012157429239147155 -0.00089375854603032721 0.00029289818751189836 -0.00044628190034390667 -0.00087683840507793084 0.0017392424422315333 4.0314650568508116e-05 -0.00097394292298103437 -2.0276289996628104e-05 -0.00060924602798992995 0.00043794233226410276 -1.964370613968138e-05 -5.25605635544464e-05 -0.00046359564655705011
leaf_weight=31603 2347.5 4924 30898.5 22069.5 15633.5 501 41075.5 6085.5 34444.5 2451 77894 109042.5 40779 20037.5
leaf_count=31537 2344 4919 30876 21884 15491 500 41056 6057 34026 2449 77792 108926 40753 19933
internal_value=1.58023e-06 -0.000229005 9.98144e-05 -1.81586e-05 -0.00039339 -0.000795092 0.000103992 -0.000303106 0.00023037 0.000307486 0.000405961 4.93725e-05 -0.000240938 -0.000188013
internal_weight=439786 131384 308403 162010 87960.5 16134.5 43423 71826 146392 111948 80345 139941 65740.5 60816.5
internal_count=438543 131053 307490 161686 87653 15991 43400 71662 145804 111778 80241 139802 65605 60686
is_linear=0
shrinkage=0.03


Tree=32
num_leaves=15
num_cat=0
split_feature=9 61 60 61 23 59 64 44 49 27 6 68 50 26
split_gain=11.1828 7.7427 7.10754 4.01058 3.57485 3.23981 3.06403 2.87262 2.86065 2.8407 2.53421 2.40545 2.38766 2.44807
threshold=0.026311482302844528 0.89640536904335033 0.85401818156242382 0.55286508798599254 0.62494999170303356 2.8696192502975468 0.96499025821685802 0.012393341399729254 0.024378357455134395 12.534999847412111 0.0011485000140964987 0.0045916440431028613 -0.012636557221412657 0.15894999355077746
decision_type=10 2 2 2 8 10 10 2 10 8 8 2 2 10
left_child=4 2 3 8 10 9 -4 11 -2 -6 -1 -5 -10 -14
right_child=1 -3 6 7 5 -7 -8 -9 12 -11 -12 -13 13 -15
leaf_value=-0.00072258863006703688 0.00072949163089420566 -0.0005306951490820724 -0.0003315209726371315 -0.000293210199338737 0.00012267017604806365 -0.00021936759435811328 -0.0012902066247384605 0.0004274040505118795 0.0010826476514653549 0.00042127090302742281 3.1743371408757235e-05 0.00010245930107099667 -1.7006021444634649e-05 0.00028270769550498508
leaf_weight=5287 6707 34830.5 39886 57103 46122.5 11451 3240.5 7256 2148 75813 16522.5 18244 80473 35275.5
leaf_count=5213 6673 34640 39749 56981 45937 11417 3213 7251 2139 75555 16506 18222 80395 35247
internal_value=-1.17699e-07 -0.000111646 -5.33311e-05 1.95996e-05 0.000204805 0.000263025 -0.000403697 -0.000142498 0.00012706 0.000308334 -0.000151243 -0.000197405 9.27588e-05 7.4343e-05
internal_weight=440360 285164 250333 207206 155196 133386 43126.5 82603 124604 121936 21809.5 75347 117896 115748
internal_count=439138 284510 249870 206908 154628 132909 42962 82454 124454 121492 21719 75203 117781 115642
is_linear=0
shrinkage=0.03


Tree=33
num_leaves=15
num_cat=0
split_feature=9 61 60 27 16 50 15 11 30 11 9 64 16 1
split_gain=9.03915 6.80051 6.56673 3.70123 3.34999 2.99202 2.48709 2.4565 2.1678 2.12766 2.10886 2.09636 2.08027 2.53388
threshold=0.025134735740721229 0.55286508798599254 0.85401818156242382 13.175000190734865 0.17105000466108325 -0.011565884575247763 0.11704999953508378 -0.10901256650686263 0.52034997940063488 1.0000000180025095e-35 0.049915833398699767 0.91946139931678783 0.11744999885559083 0.0066645001061260709
decision_type=10 2 2 8 8 2 10 8 10 10 10 10 8 8
left_child=3 2 5 -1 9 -2 -4 8 -5 -3 -6 -11 13 -7
right_child=1 4 6 7 10 12 -8 -9 -10 11 -12 -13 -14 -15
leaf_value=4.1645743350732367e-05 0.00093867856655213775 -0.00026590003462450971 -0.00020141858744725469 -3.6166614611691699e-05 -0.00036697179037139399 -0.00010437430412354502 -0.00084575684821740368 0.00053223795680286 0.00043289473416860489 0.0001047007121300584 -0.00092737633826450716 -0.00051496374691978862 -4.5971212784338608e-05 0.00029240799649738825
leaf_weight=62163 4065.5 55052.5 27507.5 19135.5 33985 18686 6702.5 36118 16519.5 35549 7350.5 5696.5 47354.5 64394
leaf_count=61877 4043 54919 27431 19123 33798 18574 6668 35968 16459 35497 7313 5666 47317 64382
internal_value=5.53589e-06 -8.43445e-05 4.33227e-05 0.000211109 -0.000240834 0.000137717 -0.000327764 0.000357869 0.000181187 -0.000143851 -0.000466726 1.90655e-05 0.000112717 0.000203164
internal_weight=440280 306344 168710 133936 137634 134500 34210 71773 35655 96298 41335.5 41245.5 130434 83080
internal_count=439035 305608 168415 133427 137193 134316 34099 71550 35582 96082 41111 41163 130273 82956
is_linear=0
shrinkage=0.03


Tree=34
num_leaves=15
num_cat=0
split_feature=45 9 46 9 58 59 54 30 45 1 1 13 65 23
split_gain=12.3443 6.68082 4.10651 3.89512 3.79687 3.28691 3.13442 3.17865 3.01347 2.88343 2.63298 2.54463 2.5026 2.40529
threshold=0.00085431145271286379 0.040826991200447089 0.7619064748287202 0.026206854730844501 0.010657338425517084 3.1353917121887211 0.0028891273541375999 0.50405001640319835 -0.0035936908097937699 0.0078704999759793299 -0.007450500037521123 0.29716637730598455 0.022249725647270683 0.69354999065399181
decision_type=2 10 10 10 2 10 2 10 2 10 8 10 10 8
left_child=3 2 6 5 -3 13 7 -2 10 -4 -5 -8 -12 -1
right_child=1 4 9 8 -6 -7 11 -9 -10 -11 12 -13 -14 -15
leaf_value=5.8981190411022754e-05 -0.00030347795896046959 -0.00082103176940180427 -0.00053331829621142406 -0.00029395093600937994 -0.00026769138596056193 -0.0003393289399895858 -1.9678200736188936e-05 8.6479533125683123e-05 -0.00015694316687604097 0.00026854085003135368 0.00098401078371564057 0.00034077887599710794 0.00017370661336029496 0.00047686457025946494
leaf_weight=15975 46947 18038.5 24673 10572 29277.5 6150 43681 31387 40627.5 4822 3579 29545 80191.5 55359
leaf_count=15889 46769 17916 24622 10526 29230 6126 43635 31352 40598 4746 3559 29523 80128 54985
internal_value=-8.20134e-06 -0.00016132 -7.8365e-05 0.000156389 -0.000478708 0.000325918 -1.53319e-05 -0.000147234 5.90572e-05 -0.000402203 0.000152079 0.000125771 0.000208383 0.000383292
internal_weight=440825 228371 181055 212454 47316 77484 151560 78334 134970 29495 94342.5 73226 83770.5 71334
internal_count=439604 227793 180647 211811 47146 77000 151279 78121 134811 29368 94213 73158 83687 70874
is_linear=0
shrinkage=0.03


Tree=35
num_leaves=15
num_cat=0
split_feature=45 9 46 69 58 68 30 68 19 58 53 68 14 0
split_gain=11.2644 6.76541 4.56143 3.58465 3.3597 3.21046 3.0668 2.46853 2.39572 2.38867 2.36463 3.53184 2.33343 2.31199
threshold=-0.0002587288618087768 0.040826991200447089 0.77439305186271679 0.20942982286214831 0.010848696809262039 0.0027547483332455163 0.57954999804496776 -0.0075450944714248172 0.17294999957084659 0.010344694368541242 -0.0032907358836382623 0.0080749010667204874 0.0059074999298900375 -0.010419500060379503
decision_type=2 10 10 2 2 2 10 2 10 2 2 2 8 10
left_child=3 2 5 7 -3 -2 8 9 13 -1 11 -6 -9 -5
right_child=1 4 -4 6 10 -7 -8 12 -10 -11 -12 -13 -14 -15
leaf_value=-0.0029747413873465588 -0.00013569509457486426 -0.00074337541935218015 -0.00041456233653106792 0.00034738222229149297 -0.0014368894766989316 0.00012522531249991659 0.00054185320078384204 -0.00016724543062638283 -5.894719272516275e-05 -0.00053019624025771523 -0.00012179476831820605 0.00025006575534222334 0.00024272277564962381 -2.3845190864019555e-05
leaf_weight=403.5 85799.5 21169.5 28860 62870 3179 83977 25304.5 29138 28921 3049.5 23831 1718.5 21868 19870
leaf_count=403 85575 21024 28729 62834 3166 83888 25106 29049 28911 3047 23804 1714 21803 19668
internal_value=-1.11456e-05 -0.000144366 -6.59123e-05 0.00016182 -0.000456641 -6.63546e-06 0.000243678 -4.40589e-05 0.000176084 -0.000819742 -0.00024526 -0.000845297 8.52839e-06 0.000258236
internal_weight=439959 248534 198636 191424 49898 169776 136966 54459 111661 3453 28728.5 4897.5 51006 82740
internal_count=438721 247900 198192 190821 49708 169463 136519 54302 111413 3450 28684 4880 50852 82502
is_linear=0
shrinkage=0.03


Tree=36
num_leaves=15
num_cat=0
split_feature=45 9 58 46 19 6 13 49 12 19 66 32 50 51
split_gain=11.3779 7.66915 4.07896 3.85639 3.75771 4.47571 3.42081 2.68236 2.65284 2.62066 2.56033 2.53884 2.46719 2.89652
threshold=0.00076097896089777361 0.040826991200447089 0.010833536274731161 0.82714849710464489 0.28925000131130224 -0.0013724999735131858 0.27311161160469061 0.70896038413047802 0.28939899802207952 0.091004997491836562 0.95359739661216747 -0.059295000508427613 -0.017539664171636101 0.14531370997428897
decision_type=2 10 2 10 10 10 10 10 10 8 10 10 2 10
left_child=4 3 8 6 5 12 9 -5 -3 11 -4 -2 -1 -14
right_child=1 2 10 7 -6 -7 -8 -9 -10 -11 -12 -13 13 -15
leaf_value=0.0017499775313412232 -0.00037746785649749661 -0.00050397567154330549 -0.00016998285392400136 -0.00085022688524869221 -0.00021237683929726554 -9.3392482815940782e-05 0.00014216665988417391 -0.00018147327675260212 -0.0012014028123292205 -0.00032821757978051256 -0.0011723365354341752 0.00011685894376569103 0.00033581745230435735 3.1552279367231841e-05
leaf_weight=999 12236.5 10644 25098.5 8609.5 23159 38992 69298.5 14466.5 9125 37850 2519.5 39594 109607.5 37895
leaf_count=992 12154 10579 25063 8552 23148 38574 69209 14415 9055 37737 2514 39564 109444 37858
internal_value=-1.10817e-05 -0.00015724 -0.00049718 -6.87453e-05 0.000148113 0.000192645 -1.61356e-05 -0.000431111 -0.000826117 -0.000138461 -0.00026162 1.29729e-07 0.00026775 0.000257652
internal_weight=440094 229442 47387 182055 210652 187494 158979 23076 19769 89680.5 27618 51830.5 148502 147502
internal_count=438858 228842 47211 181631 210016 186868 158664 22967 19634 89455 27577 51718 148294 147302
is_linear=0
shrinkage=0.03


Tree=37
num_leaves=15
num_cat=0
split_feature=45 79 18 24 54 45 21 9 1 51 67 20 18 51
split_gain=12.9675 8.57609 5.57068 4.05243 3.70667 3.50789 3.01663 2.97104 2.80918 3.39339 2.78237 2.43691 3.15581 2.36187
threshold=-0.0014287977828644214 707.50000000000011 0.072444997727870955 0.82405000925064098 0.0016347906785085799 0.0046153627336025247 0.96384999155998241 0.021210201084613804 0.0052030000369995841 0.36779321730136877 0.010761141311377289 -0.021304999478161332 0.094174999743700041 0.033169860020279891
decision_type=2 8 8 10 2 2 10 10 10 10 2 10 10 8
left_child=3 2 4 -1 7 -4 8 -2 9 -7 -11 12 -3 -6
right_child=1 11 5 -5 13 6 -8 -9 -10 10 -12 -13 -14 -15
leaf_value=0.00037571693094481007 0.00020313335201227193 -0.00052358727785772852 -2.4622949222316081e-05 7.9337897802851434e-05 -0.00036747919836674174 -0.00043585033171825621 -0.003302429054620797 -0.00028303058191441908 0.00042173641882447475 -0.0015247652333171976 0.00097682828671505416 0.0010668972400081757 -0.0013822668489977636 0.00014815872311956243
leaf_weight=69249 14580 24432.5 21189 103691 8640 28521 340 50439.5 2841.5 4376 437 751 4572 106337.5
leaf_count=68894 14564 24187 21137 103464 8636 28468 340 50371 2758 4357 436 749 4496 106285
internal_value=-4.41927e-06 -0.000135321 -7.52102e-05 0.000198022 7.02256e-06 -0.000331696 -0.000509855 -0.000174006 -0.000483156 -0.000560344 -0.00129685 -0.000615421 -0.000659156 0.000109397
internal_weight=440397 267457 237702 172940 179997 57704.5 36515.5 65019.5 36175.5 33334 4813 29755.5 29004.5 114978
internal_count=439142 266784 237352 172358 179856 57496 36359 64935 36019 33261 4793 29432 28683 114921
is_linear=0
shrinkage=0.03


Tree=38
num_leaves=15
num_cat=0
split_feature=45 79 14 68 60 19 8 16 21 49 30 11 49 25
split_gain=9.80209 7.40882 4.82711 3.55457 3.16807 2.87445 2.70284 2.70089 2.66459 2.4483 2.2821 2.25711 2.21947 2.2155
threshold=0.00076097896089777361 625.50000000000011 0.072585001587867751 0.003454732359386981 0.7917517125606538 0.12415000051259996 0.00059850001707673084 0.051674999296665199 0.21534999459981921 0.52754762768745433 0.49975000321865087 0.30113101005554205 0.099288247525692 -0.024480000138282772
decision_type=2 8 8 2 2 10 8 10 10 8 10 8 10 8
left_child=4 2 3 7 5 6 10 -2 -9 -5 -1 -8 -6 -7
right_child=1 -3 -4 9 12 13 11 8 -10 -11 -12 -13 -14 -15
leaf_value=-0.00023737854662759061 -8.2580423612308692e-06 -0.00060743023234874566 -0.00056734789848681799 -7.8147185614162816e-05 0.0002739010288096322 -0.00052907047229818448 0.00026328092219760773 8.1901558759627869e-05 -0.00043874480919605584 0.00025536882705571527 0.00027297848734251828 0.00059691286364271583 -0.00030496088965612986 7.8574633119371827e-05
leaf_weight=14927 56492 26895.5 16621 34188 8259.5 6040 67645 11645.5 36788.5 47090.5 16705 24997.5 21390 50626.5
leaf_count=14870 56453 26591 16512 34168 8238 6022 67607 11640 36697 47063 16285 24960 21359 50599
internal_value=-4.09307e-06 -0.000139617 -7.75692e-05 -3.38365e-05 0.000143742 0.000190843 0.000271583 -0.000149196 -0.000313565 0.000115087 3.21438e-05 0.000353331 -0.000143688 1.37657e-05
internal_weight=440312 229721 202826 186204 210590 180941 124274 104926 48434 81278.5 31632 92642.5 29649.5 56666.5
internal_count=439064 229124 202533 186021 209940 180343 123722 104790 48337 81231 31155 92567 29597 56621
is_linear=0
shrinkage=0.03


Tree=39
num_leaves=15
num_cat=0
split_feature=9 61 60 19 10 30 12 64 22 19 25 63 1 61
split_gain=9.62335 5.95166 4.94744 4.06448 2.74966 2.83415 2.73713 2.46922 2.66 2.5161 2.48071 2.16814 2.14575 2.13429
threshold=0.025815978646278385 0.79642012715339672 0.93462640047073375 0.39235000312328344 0.00019264929142082113 0.60185000300407421 0.45671063661575323 0.90792226791381847 0.32455000281333929 0.032674999907612808 0.068810001015663161 0.050403883680701263 0.012547499965876343 0.17400106042623523
decision_type=10 2 2 8 10 8 10 10 8 10 8 2 10 2
left_child=7 2 3 6 5 -3 13 8 -1 -10 -11 -8 -6 -2
right_child=1 4 -4 -5 12 -7 11 -9 9 10 -12 -13 -14 -15
leaf_value=3.6423139501414272e-05 0.0003323736485675694 -0.00039509617579857725 -0.00049139381216615867 -0.0003627638832280327 -0.00022035150083987915 -0.0010643478143910769 0.00075474665399574139 -0.00022531952088748438 0.0005175723575104428 4.2879592555188836e-05 0.00045235637954969121 -0.00021884151091161876 0.00074019920583883695 5.9196646368565246e-05
leaf_weight=41929 33140.5 25900.5 18876 22768 29939 7300 2177.5 11373 36693 35035.5 21475 36312 2245.5 115219.5
leaf_count=41747 33061 25782 18784 22732 29868 7257 2169 11338 36438 34951 21474 36268 2182 115079
internal_value=5.26834e-07 -9.84903e-05 -2.62674e-05 1.56278e-05 -0.000350858 -0.000542387 6.17441e-05 0.000199144 0.000234875 0.000324144 0.000198514 -0.000163671 -0.00015323 0.000120228
internal_weight=440384 293878 228494 209618 65385 33200.5 186850 146506 135132 93203.5 56510.5 38489.5 32184.5 148360
internal_count=439130 293182 228093 209309 65089 33039 186577 145948 134610 92863 56425 38437 32050 148140
is_linear=0
shrinkage=0.03


Tree=40
num_leaves=15
num_cat=0
split_feature=9 61 60 49 1 13 79 15 61 30 28 79 50 54
split_gain=8.34478 6.31837 5.51829 4.09006 3.8673 3.57943 3.82733 2.9777 2.46806 2.92759 2.29752 2.28258 2.87821 3.10365
threshold=0.02167436666786671 0.80039063096046459 0.94587936997413646 0.10211734473705293 0.0019784999312832956 0.39024545252323156 636.50000000000011 0.13055000454187396 0.98329848051071178 0.41504999995231634 0.30460000038146978 864.50000000000011 -0.00043721434485632921 0.0032365517690777783
decision_type=10 2 2 10 10 8 8 8 2 10 8 8 2 2
left_child=-1 2 3 -2 8 6 7 -5 11 -10 -8 12 -3 -14
right_child=1 4 -4 5 -6 -7 10 -9 9 -11 -12 -13 13 -15
leaf_value=0.00028276584429691123 0.00032240350121692123 -0.00078642979856593956 -0.00050827872475054032 2.0942958876594961e-05 0.00014701997644041637 0.00018472372708846029 -0.00097008941438249429 -0.00036768918657362681 -0.00042725776869856222 -0.0017563010923370775 -0.00026543392542327813 -0.00087209120534112656 -0.0003750399608545181 0.00015508271670269084
leaf_weight=75095.5 38020 8289.5 18011 131025.5 13929.5 60721.5 5892.5 20518 3623 2536 14191.5 6510 26364 15949
leaf_count=74762 37869 8287 17914 130923 13688 60645 5877 20486 3614 2533 14105 6471 26334 15947
internal_value=-5.26386e-06 -6.44323e-05 9.92257e-08 3.39743e-05 -0.000305471 -1.32282e-05 -8.32666e-05 -3.16857e-05 -0.000405092 -0.000975479 -0.000472365 -0.000343502 -0.000275419 -0.000175227
internal_weight=440676 365581 288380 270369 77201 232349 171628 151544 63271.5 6159 20084 57112.5 50602.5 42313
internal_count=439455 364693 287819 269905 76874 232036 171391 151409 63186 6147 19982 57039 50568 42281
is_linear=0
shrinkage=0.03


Tree=41
num_leaves=15
num_cat=0
split_feature=9 45 45 18 9 68 9 51 6 26 53 48 8 10
split_gain=8.09589 5.90524 4.21188 3.4162 3.21161 3.04564 2.96816 2.81872 2.77363 2.5421 3.44821 2.44741 2.3195 2.46966
threshold=0.036153299733996398 -0.0040480610914528361 -0.0017392100417055187 0.015925000421702865 0.086201071739196791 -4.6148312321747646e-05 0.021559095010161403 0.14531370997428897 -0.00071950000710785378 0.12664999812841418 -0.0067986056674271813 -0.5872254967689513 -0.00032649999775458122 -0.074374321848154054
decision_type=10 2 2 8 10 2 10 10 10 8 2 8 8 8
left_child=2 12 7 -3 9 -4 -7 8 -1 -5 -11 -8 -2 -14
right_child=1 3 5 4 -6 6 11 -9 -10 10 -12 -13 13 -15
leaf_value=0.00039935766575566845 -0.00049254750007979341 -0.00012506117818099076 -0.00030980423208906824 -0.00073775916773182078 -0.0029319918272709571 0.00026591963745290533 -0.0017530106861764199 -1.5829793413816889e-05 -3.6101285872072385e-05 -0.0019187923086458807 -0.00023510400100221543 -1.8562455678941418e-05 0.0021024058907274505 0.0001396922159494569
leaf_weight=68461 5430 38084 25325 20160 480 40717 731.5 31734.5 16297 1134 28275.5 125258.5 581 37664.5
leaf_count=68228 5409 38036 25234 20066 480 40659 723 31659 16066 1120 28135 125035 581 37662
internal_value=-1.05142e-06 -0.000197852 8.30281e-05 -0.000339202 -0.000502119 -3.30589e-06 4.32632e-05 0.000225339 0.000315632 -0.000478296 -0.00030034 -2.87019e-05 8.7388e-05 0.000169779
internal_weight=440334 131809 308524 88133.5 50049.5 192032 166707 116492 84758 49569.5 29409.5 125990 43675.5 38245.5
internal_count=439093 131489 307604 87837 49801 191651 166417 115953 84294 49321 29255 125758 43652 38243
is_linear=0
shrinkage=0.03


Tree=42
num_leaves=15
num_cat=0
split_feature=61 9 57 79 16 0 79 65 27 59 65 57 16 20
split_gain=7.6687 6.44596 4.67762 4.54717 3.42361 2.92519 3.05066 2.78737 2.69393 2.58082 2.47525 2.44177 2.31097 2.27463
threshold=0.92323201894760143 0.023149426095187668 -0.0026461178204044695 694.50000000000011 0.10345000028610231 0.0050355000421404847 2.5000000000000004 0.022249725647270683 13.394999980926515 3.2275077104568486 0.015523958485573532 0.0088728745467960852 0.44795000553131109 -0.11284999921917914
decision_type=2 10 2 8 8 10 8 10 8 10 10 2 10 8
left_child=1 8 10 4 -4 6 -2 -5 -1 -10 -3 -6 13 -9
right_child=5 2 3 7 11 -7 -8 12 9 -11 -12 -13 -14 -15
leaf_value=9.8126422598448858e-05 0.00066501047363138883 0.0015533463732213203 4.6344053009272186e-05 0.0010410280119732456 -0.00015230254105564272 0.00019750634705263258 -0.00062705465759630027 -0.00062780427200656867 0.00048653645504020114 -0.00035063463786291516 0.00014698161267328325 -0.00072502237509486204 -0.0014396404865532344 -1.6623379307770177e-05
leaf_weight=49496 1745 1138 125666.5 1073.5 70648.5 5611 27561 17102.5 41201 3600.5 77555.5 7397.5 2226.5 8064
leaf_count=49238 1742 1130 125514 1072 70523 5483 27501 16928 41057 3593 77454 7349 2220 8045
internal_value=-3.32495e-06 3.34402e-05 -3.24637e-05 -0.000100212 -5.05777e-05 -0.000429884 -0.000550019 -0.000455336 0.000250697 0.000419225 0.000167417 -0.00020663 -0.000514156 -0.000432008
internal_weight=440087 405170 310872 232179 203712 34917 29306 28466.5 94297.5 44801.5 78693.5 78046 27393 25166.5
internal_count=438849 404123 310235 231651 203386 34726 29243 28265 93888 44650 78584 77872 27193 24973
is_linear=0
shrinkage=0.03


Tree=43
num_leaves=15
num_cat=0
split_feature=45 79 18 30 53 71 79 70 20 18 68 20 19 14
split_gain=8.88803 6.05239 4.74458 3.55965 3.4314 2.72422 2.6206 2.35503 2.15301 3.21983 2.04584 2.31095 2.01384 1.94724
threshold=-0.0002587288618087768 719.50000000000011 0.12215000018477441 0.39595000445842748 -0.00096311292145401229 0.00013605471031041819 1195.5000000000002 -0.0040396342519670716 -0.086714997887611375 0.094174999743700041 0.0020431136945262556 -0.70394998788833607 0.25335000455379492 0.0839350000023842
decision_type=2 8 8 8 2 2 8 2 8 10 2 8 10 10
left_child=3 2 4 6 -2 -5 12 -7 9 -3 -6 -12 -1 -4
right_child=1 8 13 5 10 7 -8 -9 -10 -11 11 -13 -14 -15
leaf_value=9.2464606378843501e-05 -0.00019056158522792822 -0.00055542368311601513 -0.00031474743091587328 0.00033308386895294543 -6.7981051313907616e-05 0.00021116264995792495 -0.00090754574682389358 -0.00020741923789300326 -0.00012351218826557107 -0.0016864990005059422 -0.0025953137283730838 0.00018528301488395164 -0.00038088655683270927 -0.00095174437537732886
leaf_weight=38662.5 67479.5 17205.5 19545 87491.5 53393.5 33373.5 3084 18968.5 8081.5 2606 265 74359.5 10224 5543
leaf_count=38654 67385 16983 19403 87016 53370 33296 3081 18928 8055 2556 265 74330 10219 5512
internal_value=-1.53277e-06 -0.000119957 -6.73007e-05 0.000151882 -1.7454e-05 0.00023067 -6.01076e-05 5.94652e-05 -0.000536288 -0.000704593 7.37966e-05 0.000175236 -6.5597e-06 -0.000455649
internal_weight=440282 248478 220586 191804 195498 139834 51970.5 52342 27893 19811.5 128018 74624.5 48886.5 25088
internal_count=439053 247859 220265 191194 195350 139240 51954 52224 27594 19539 127965 74595 48873 24915
is_linear=0
shrinkage=0.03


Tree=44
num_leaves=15
num_cat=0
split_feature=45 18 79 30 50 54 12 9 6 43 14 60 63 64
split_gain=7.44433 5.42675 4.10266 3.85029 3.71555 3.09427 2.92998 2.82427 2.59073 2.51077 2.33436 2.27471 2.21499 2.25805
threshold=0.00076097896089777361 0.072444997727870955 72.500000000000014 0.57954999804496776 -0.017539664171636101 0.00097571304650045942 0.54531371593475353 0.049915833398699767 -0.00075549999019131054 -0.024444308131933209 -0.076624996960163103 0.96859812736511242 0.8588472604751588 0.96110031008720409
decision_type=2 8 8 10 2 2 10 8 10 2 8 2 2 10
left_child=3 2 5 4 9 -2 8 -3 -6 -1 -9 -11 13 -4
right_child=1 7 12 -5 6 -7 -8 10 -10 11 -12 -13 -14 -15
leaf_value=-0.0022941993941324496 -0.0001901206416471121 -0.00026513213634239409 -0.00014977067850946882 0.00041022906745410368 0.00016505141194377357 0.00012625481706883126 -0.0002683636515534126 0.0014576664828349867 -0.00017554327936090115 0.0026597166280479079 -0.00092100705321114746 -0.00075005317103609228 -0.00086316491475512834 -0.0016808351015234068
leaf_weight=127.5 37975 50541.5 20408 38011 125878.5 104027 20913 382.5 23914.5 1004 9242.5 211 6098 900.5
leaf_count=125 37917 50291 20287 37743 125710 103994 20886 382 23760 998 9194 211 6018 882
internal_value=7.93962e-06 -0.000110145 -2.32178e-05 0.000136994 7.66179e-05 4.16441e-05 6.42297e-05 -0.00035488 0.000110671 0.00164576 -0.00082577 0.00206692 -0.000359235 -0.000214853
internal_weight=439634 229575 169408 210060 172048 142002 170706 60166.5 149793 1342.5 9625 1215 27406.5 21308.5
internal_count=438398 228965 169098 209433 171690 141911 170356 59867 149470 1334 9576 1209 27187 21169
is_linear=0
shrinkage=0.03


Tree=45
num_leaves=15
num_cat=0
split_feature=60 70 63 30 19 60 9 23 43 19 3 28 35 33
split_gain=6.33946 6.50609 3.79644 3.27208 2.58416 2.95055 2.85851 2.34262 1.98283 1.88916 2.4046 2.27489 2.19945 3.41491
threshold=0.9035310447216035 0.002146458020433784 0.96888023614883434 0.5149500072002412 0.040605001151561744 0.13232433050870898 0.025134735740721229 0.61544999480247509 0.0078328400850296038 0.28925000131130224 -0.00052050000522285689 0.74700000882148754 0.13385000079870227 -0.018524999730288979
decision_type=2 2 2 10 8 2 8 10 2 10 10 8 10 10
left_child=1 3 4 9 7 -6 -7 -3 -5 10 -1 -12 -11 -14
right_child=-2 2 -4 8 5 6 -8 -9 -10 12 11 -13 13 -15
leaf_value=0.00015096327339128075 -0.00034224987054733689 -0.00041101029296274343 -0.00065573596908607382 0.00032940533453193536 0.00017829642227505259 3.5167370380714716e-05 -0.00042104142007162536 0.00014054548121629257 -0.00019738079196085091 -0.00026181620553639509 -0.00038888131754898791 0.00022717742723633156 -0.0011980835918567244 0.0025216445259258129
leaf_weight=118849 43483 7959 10958 76873.5 15310 17432 42481.5 53406.5 7014.5 21653.5 15781.5 8191 341 619.5
leaf_count=118796 43282 7914 10886 76387 15295 17428 42347 53326 7008 21640 15713 8152 341 618
internal_value=1.61216e-06 3.92911e-05 -0.000118603 0.000132732 -7.54886e-05 -0.000193341 -0.000288314 6.8982e-05 0.000285348 5.5338e-05 9.56787e-05 -0.000178381 -0.000199404 0.00120169
internal_weight=440354 396870 147547 249324 136589 75223.5 59913.5 61365.5 83888 165436 142822 23972.5 22614 960.5
internal_count=439133 395851 147196 248655 136310 75070 59775 61240 83395 165260 142661 23865 22599 959
is_linear=0
shrinkage=0.03


Tree=46
num_leaves=15
num_cat=0
split_feature=45 79 19 24 23 46 20 16 60 51 22 45 19 63
split_gain=7.53077 6.89422 4.12799 3.8567 3.20051 2.92323 2.91343 3.26159 2.5756 2.5163 2.61683 2.50684 3.01072 2.15379
threshold=-1.0000000180025095e-35 719.50000000000011 0.024814999662339691 0.98414999246597301 0.65314999222755443 0.78832352161407482 -0.020305000245571133 0.44795000553131109 0.1167413927614689 0.41681109368801122 0.93715000152587902 -0.030996825546026226 0.35694999992847448 0.8588472604751588
decision_type=2 8 8 10 10 10 10 10 2 10 10 2 10 2
left_child=3 2 4 8 -2 -4 7 13 -1 10 -5 -10 -13 -3
right_child=1 6 5 9 -6 -7 -8 -9 11 -11 -12 12 -14 -15
leaf_value=0.00057007509935926275 -0.00034828138140885777 -0.00036474831485202913 -0.00010646981214035764 -3.7231942968363221e-05 0.00017624302989288886 -0.00052505460873872236 0.0014140890981521165 -0.0018096129418014115 0.001183751853700795 -0.00085170620928804309 0.00053924931361353293 0.00020884103719841145 -0.00051034832023980341 -0.0010282109208925897
leaf_weight=19294 12142.5 19457 112067 73891.5 75802.5 17334.5 654 1879 2217 3102.5 7833.5 83094.5 5586.5 5691.5
leaf_count=19168 12132 19271 111885 73816 75752 17273 652 1870 2212 3097 7821 82691 5586 5588
internal_value=-8.58915e-07 -0.000111577 -5.47807e-05 0.00013825 0.000103807 -0.000162561 -0.000557433 -0.000605392 0.000255299 -1.38046e-05 1.80545e-05 0.000188457 0.000163509 -0.000515075
internal_weight=440048 245028 217346 195020 87945 129402 27681.5 27027.5 110192 84827.5 81725 90898 88681 25148.5
internal_count=438814 244423 217042 194391 87884 129158 27381 26729 109657 84734 81637 90489 88277 24859
is_linear=0
shrinkage=0.03


Tree=47
num_leaves=15
num_cat=0
split_feature=9 64 45 63 23 58 19 50 19 9 30 16 26 9
split_gain=7.2777 4.87304 4.6581 4.05635 4.44613 2.79421 2.75571 2.46453 2.88672 2.44501 2.34754 2.29721 2.57659 2.24724
threshold=0.039769751951098449 0.83488404750823986 -0.0043948846869170657 0.39029738306999212 0.49324999749660497 0.010157418437302114 0.099435001611709609 -0.00033842746051959688 -0.028454999439418312 0.021442187950015072 0.65904998779296886 -0.060054998844861977 0.066039998084306731 0.066173292696475997
decision_type=10 10 2 2 8 2 10 2 8 10 10 8 8 10
left_child=1 3 -2 6 -5 13 -1 -3 -9 -6 11 -7 -13 -4
right_child=2 7 5 4 9 10 -8 8 -10 -11 -12 12 -14 -15
leaf_value=0.00037241714079897648 6.5478378549396526e-05 -0.00041321481780601504 -0.00059850763033633561 -0.00065164133127597053 0.00026745510121057149 0.00010634816466444813 5.8501821180326566e-05 0.00047700649217634588 -0.00019124345495943334 -2.0400236638128398e-06 -0.0014505967298236576 -0.0040659446140385363 -0.0003393724502844181 -0.0019679607939269181
leaf_weight=69025 31715.5 25255.5 18261 8304.5 39114.5 14041.5 39613 7996.5 21314.5 134367.5 1410 163 28873 1142.5
leaf_count=68644 31704 25154 18143 8265 38983 14037 39554 7969 21231 134164 1410 163 28796 1134
internal_value=-1.24435e-07 6.40616e-05 -0.000231728 0.000112934 2.62596e-05 -0.000379254 0.000257961 -0.000196045 -8.88414e-06 5.87282e-05 -0.000248182 -0.000208661 -0.000360989 -0.000679629
internal_weight=440598 344991 95606.5 290424 181786 63891 108638 54566.5 29311 173482 44487.5 43077.5 29036 19403.5
internal_count=439351 343964 95387 289610 181412 63683 108198 54354 29200 173147 44406 42996 28959 19277
is_linear=0
shrinkage=0.03


Tree=48
num_leaves=15
num_cat=0
split_feature=70 60 51 18 24 1 19 23 10 79 14 12 21 79
split_gain=6.34595 5.33082 3.48487 3.1929 3.15221 3.13839 2.96065 2.68689 2.4696 3.71 2.18496 2.14798 2.13825 2.05128
threshold=0.0036912850337103014 0.76101878285408031 0.5513194501399995 0.094174999743700041 1.3575000166893008 -0.0015264999819919465 0.092725001275539412 0.52265000343322765 0.00019264929142082113 342.50000000000006 -0.016724999994039532 0.41854105889797216 0.88060000538826 2.5000000000000004
decision_type=2 2 10 8 10 10 8 10 8 8 10 8 10 8
left_child=1 4 3 7 6 8 10 -3 9 -2 -1 13 -5 -10
right_child=5 2 -4 12 -6 -7 -8 -9 11 -11 -12 -13 -14 -15
leaf_value=0.00011350937436073295 -0.00028195636868271292 -0.00068370955053434425 -0.0010551118801386272 -0.00040586432187052402 -9.845471667482615e-05 0.00013404586959451668 6.2260102589154406e-05 6.4471309797885316e-05 0.0010988374910638379 -0.00098796702098980079 0.0003952609411749865 -0.00039037903993090884 -0.0024961487264431449 -1.3215225340361271e-05
leaf_weight=37074 46256.5 4661 3492.5 15598 37527 24461 79461 58244 1557 7830 74677.5 15215 448.5 33720
leaf_count=36951 46237 4644 3466 15524 37490 24129 79371 58154 1556 7812 74293 15203 448 33702
internal_value=5.0309e-06 7.83785e-05 -0.00012844 -8.73836e-05 0.000152923 -0.000171846 0.000202259 8.98427e-06 -0.000243397 -0.000384246 0.000301798 -9.24979e-05 -0.000465047 3.60156e-05
internal_weight=440223 311184 82444 78951.5 228740 129040 191212 62905 104578 54086.5 111752 50492 16046.5 35277
internal_count=438980 310341 82236 78770 228105 128639 190615 62798 104510 54049 111244 50461 15972 35258
is_linear=0
shrinkage=0.03


Tree=49
num_leaves=15
num_cat=0
split_feature=9 23 48 51 12 9 72 60 46 59 10 46 70 16
split_gain=6.07122 5.1044 4.90986 3.51612 3.48451 3.20433 2.97933 2.83142 3.17985 2.78432 2.6399 2.52488 2.51719 2.51602
threshold=0.039769751951098449 0.45955000817775732 -0.40886825323104853 0.33285437524318701 0.49532517790794378 0.02167436666786671 0.010841498617082836 0.97593259811401378 1.0065442323684695 2.6861859560012822 0.0028780585853382949 0.46758085489273077 -0.0047265738248825065 0.27205000817775732
decision_type=10 8 10 10 10 10 2 2 10 10 10 10 2 8
left_child=1 -1 7 5 10 9 -5 8 -2 -3 13 -12 -7 -4
right_child=2 3 4 6 -6 12 -8 -9 -10 -11 11 -13 -14 -15
leaf_value=-0.00053562719832705974 0.00040427962621623312 0.00036246537202608666 -0.00019468504813357752 -0.00034207990819221904 -0.0006680414219267948 0.00024245729172042477 0.0012480272245739541 -0.001042368844314565 0.0020160330885780802 -0.0002979491946323069 0.00024569375685151354 -0.00029881204093756852 1.5282721887773483e-05 -0.00073753109908237038
leaf_weight=11983 5831 62390 28873 21747 15729.5 57650.5 1110 934.5 1354.5 6324.5 19159.5 12767.5 183961.5 10469
leaf_count=11906 5824 62092 28818 21651 15671 57485 1107 932 1352 6291 19136 12730 183620 10431
internal_value=1.40925e-05 7.25732e-05 -0.000198115 9.44549e-05 -0.00026397 0.000120905 -0.000264604 0.000507184 0.000709293 0.000301663 -0.000174748 2.7935e-05 6.94922e-05 -0.000339213
internal_weight=440285 345166 95118.5 333184 86998.5 310326 22857 8120 7185.5 68714.5 71269 31927 241612 39342
internal_count=439046 344152 94894 332246 86786 309488 22758 8108 7176 68383 71115 31866 241105 39249
is_linear=0
shrinkage=0.03


end of trees

feature_importances:
Column_9=63
Column_45=49
Column_19=44
Column_79=43
Column_24=27
Column_54=26
Column_30=23
Column_16=21
Column_18=21
Column_60=19
Column_61=19
Column_46=18
Column_21=17
Column_68=16
Column_23=15
Column_6=14
Column_63=13
Column_64=13
Column_20=12
Column_51=12
Column_58=12
Column_10=11
Column_70=11
Column_11=10
Column_49=10
Column_1=9
Column_12=9
Column_14=8
Column_59=8
Column_13=7
Column_43=7
Column_50=7
Column_71=7
Column_3=6
Column_27=6
Column_26=5
Column_48=5
Column_53=5
Column_56=5
Column_57=5
Column_0=4
Column_8=4
Column_22=4
Column_28=4
Column_32=4
Column_65=4
Column_69=4
Column_15=3
Column_17=3
Column_25=3
Column_55=3
Column_67=3
Column_72=3
Column_4=2
Column_33=2
Column_44=2
Column_47=2
Column_52=2
Column_66=2
Column_2=1
Column_34=1
Column_35=1
Column_39=1

parameters:
[boosting: gbdt]
[objective: regression]
[metric: l2]
[tree_learner: serial]
[device_type: cpu]
[data_sample_strategy: bagging]
[data: ]
[valid: ]
[num_iterations: 50]
[learning_rate: 0.03]
[num_leaves: 15]
[num_threads: 4]
[seed: 7]
[deterministic: 1]
[force_col_wise: 1]
[force_row_wise: 0]
[histogram_pool_size: -1]
[max_depth: -1]
[min_data_in_leaf: 100]
[min_sum_hessian_in_leaf: 0.001]
[bagging_fraction: 0.8]
[pos_bagging_fraction: 1]
[neg_bagging_fraction: 1]
[bagging_freq: 1]
[bagging_seed: 17422]
[bagging_by_query: 0]
[feature_fraction: 0.7]
[feature_fraction_bynode: 1]
[feature_fraction_seed: 7040]
[extra_trees: 0]
[extra_seed: 6516]
[early_stopping_round: 0]
[early_stopping_min_delta: 0]
[first_metric_only: 0]
[max_delta_step: 0]
[lambda_l1: 0]
[lambda_l2: 5]
[linear_lambda: 0]
[min_gain_to_split: 0]
[drop_rate: 0.1]
[max_drop: 50]
[skip_drop: 0.5]
[xgboost_dart_mode: 0]
[uniform_drop: 0]
[drop_seed: 15215]
[top_rate: 0.2]
[other_rate: 0.1]
[min_data_per_group: 100]
[max_cat_threshold: 32]
[cat_l2: 10]
[cat_smooth: 10]
[max_cat_to_onehot: 4]
[top_k: 20]
[monotone_constraints: ]
[monotone_constraints_method: basic]
[monotone_penalty: 0]
[feature_contri: ]
[forcedsplits_filename: ]
[refit_decay_rate: 0.9]
[cegb_tradeoff: 1]
[cegb_penalty_split: 0]
[cegb_penalty_feature_lazy: ]
[cegb_penalty_feature_coupled: ]
[path_smooth: 0]
[interaction_constraints: ]
[verbosity: -1]
[saved_feature_importance_type: 0]
[use_quantized_grad: 0]
[num_grad_quant_bins: 4]
[quant_train_renew_leaf: 0]
[stochastic_rounding: 1]
[linear_tree: 0]
[max_bin: 255]
[max_bin_by_feature: ]
[min_data_in_bin: 3]
[bin_construct_sample_cnt: 200000]
[data_random_seed: 61]
[is_enable_sparse: 1]
[enable_bundle: 1]
[use_missing: 1]
[zero_as_missing: 0]
[feature_pre_filter: 1]
[pre_partition: 0]
[two_round: 0]
[header: 0]
[label_column: ]
[weight_column: ]
[group_column: ]
[ignore_column: ]
[categorical_feature: ]
[forcedbins_filename: ]
[precise_float_parser: 0]
[parser_config_file: ]
[objective_seed: 15521]
[num_class: 1]
[is_unbalance: 0]
[scale_pos_weight: 1]
[sigmoid: 1]
[boost_from_average: 1]
[reg_sqrt: 0]
[alpha: 0.9]
[fair_c: 1]
[poisson_max_delta_step: 0.7]
[tweedie_variance_power: 1.5]
[lambdarank_truncation_level: 30]
[lambdarank_norm: 1]
[label_gain: ]
[lambdarank_position_bias_regularization: 0]
[eval_at: ]
[multi_error_top_k: 1]
[auc_mu_weights: ]
[num_machines: 1]
[local_listen_port: 12400]
[time_out: 120]
[machine_list_filename: ]
[machines: ]
[gpu_platform_id: -1]
[gpu_device_id: -1]
[gpu_device_id_list: ]
[gpu_use_dp: 0]
[num_gpu: 1]

end of parameters

pandas_categorical:null
